# AU Mic b - empilhamento em fase (5 transitos)
# T0_ref=1330.390510  P_ref=8.4631516
# dt_dias  fluxo_normalizado  epoca
-0.24996775 1.00005638 84
-0.24965110 1.00055438 86
-0.24904671 1.00033902 85
-0.24884461 1.00059835 0
-0.24857883 0.99955477 84
-0.24826221 1.00053612 86
-0.24767096 0.99996027 2
-0.24765781 0.99971792 85
-0.24745573 1.00063684 0
-0.24718990 0.99976282 84
-0.24687332 1.00019225 86
-0.24628211 0.99977756 2
-0.24626890 1.00032520 85
-0.24606685 1.00074975 0
-0.24580098 1.00010488 84
-0.24548443 0.99970205 86
-0.24489327 0.99977436 2
-0.24488000 0.99961766 85
-0.24467797 0.99963208 0
-0.24441205 1.00008265 84
-0.24409554 0.99990875 86
-0.24350442 0.99972550 2
-0.24349110 1.00024010 85
-0.24328908 0.99979941 0
-0.24302313 0.99961589 84
-0.24270664 0.99992014 86
-0.24211558 0.99983184 2
-0.24210219 1.00038945 85
-0.24190020 1.00002365 0
-0.24163421 1.00007323 84
-0.24131775 1.00012058 86
-0.24071329 1.00032618 85
-0.24051132 1.00048848 0
-0.24024528 0.99960974 84
-0.23992886 0.99999370 86
-0.23933788 1.00014434 2
-0.23932439 1.00061555 85
-0.23912244 1.00033359 0
-0.23885636 0.99979762 84
-0.23853997 1.00023025 86
-0.23794904 0.99975148 2
-0.23793548 1.00056725 85
-0.23773356 1.00005543 0
-0.23746743 0.99949080 84
-0.23715108 0.99995237 86
-0.23656019 0.99952225 2
-0.23654658 1.00024191 85
-0.23634468 1.00008720 0
-0.23607851 0.99935015 84
-0.23576219 0.99961160 86
-0.23517135 0.99926608 2
-0.23515768 1.00053312 85
-0.23495579 1.00028218 0
-0.23468958 0.99989491 84
-0.23437330 1.00012205 86
-0.23378250 0.99951743 2
-0.23376877 1.00025705 85
-0.23356691 0.99994490 0
-0.23330066 1.00072696 84
-0.23298441 0.99995588 86
-0.23239365 0.99976012 2
-0.23237987 1.00027579 85
-0.23217803 0.99972980 0
-0.23191173 0.99921734 84
-0.23159552 0.99919421 86
-0.23100481 0.99944158 2
-0.23099097 1.00046953 85
-0.23078915 1.00018796 0
-0.23052281 0.99933888 84
-0.23020663 1.00028780 86
-0.22961596 0.99967841 2
-0.22960206 0.99984512 85
-0.22940027 0.99992891 0
-0.22913388 0.99939717 84
-0.22881774 0.99998614 86
-0.22822711 0.99967465 2
-0.22821316 1.00036370 85
-0.22801139 1.00029350 0
-0.22774496 1.00057202 84
-0.22742885 1.00019532 86
-0.22683827 0.99894490 2
-0.22682426 1.00052900 85
-0.22662250 1.00066005 0
-0.22635603 0.99969161 84
-0.22603996 1.00085973 86
-0.22544942 0.99945032 2
-0.22543535 0.99967480 85
-0.22523362 0.99950063 0
-0.22496711 0.99978851 84
-0.22465107 1.00050635 86
-0.22406058 0.99951062 2
-0.22404645 0.99981309 85
-0.22384474 1.00004737 0
-0.22357818 0.99994548 84
-0.22326218 1.00022656 86
-0.22267173 0.99976238 2
-0.22265755 0.99986798 85
-0.22245586 1.00000203 0
-0.22218926 0.99970711 84
-0.22187329 1.00031248 86
-0.22128288 0.99996129 2
-0.22126864 0.99988826 85
-0.22106698 1.00023081 0
-0.22080033 0.99985617 84
-0.22048439 1.00033857 86
-0.21989404 1.00004127 2
-0.21987974 1.00025297 85
-0.21967810 0.99986977 0
-0.21941141 0.99998083 84
-0.21909550 1.00059508 86
-0.21850519 1.00036543 2
-0.21849084 1.00032844 85
-0.21828922 0.99994677 0
-0.21802249 1.00018038 84
-0.21770661 0.99979428 86
-0.21711635 0.99982871 2
-0.21710193 0.99996827 85
-0.21690033 0.99983878 0
-0.21663356 1.00008125 84
-0.21631772 0.99972410 86
-0.21572750 1.00004762 2
-0.21571303 0.99953715 85
-0.21551145 0.99986830 0
-0.21524464 1.00050927 84
-0.21492883 0.99998200 86
-0.21433865 1.00075806 2
-0.21432413 0.99968129 85
-0.21412257 0.99981215 0
-0.21385571 0.99976848 84
-0.21353994 0.99985095 86
-0.21294981 1.00074263 2
-0.21293522 0.99982180 85
-0.21273369 0.99954393 0
-0.21246679 0.99992647 84
-0.21215105 1.00017372 86
-0.21156096 1.00051754 2
-0.21154632 0.99973219 85
-0.21134481 1.00013704 0
-0.21107786 1.00040412 84
-0.21076216 0.99985364 86
-0.21017212 0.99940346 2
-0.21015742 0.99963708 85
-0.20995593 0.99983546 0
-0.20968894 0.99959269 84
-0.20937327 0.99998843 86
-0.20878327 1.00029995 2
-0.20876851 0.99989185 85
-0.20856704 1.00007818 0
-0.20830001 0.99994569 84
-0.20798438 0.99991375 86
-0.20739442 0.99975767 2
-0.20737961 0.99968381 85
-0.20717816 0.99925955 0
-0.20691109 0.99967001 84
-0.20659549 0.99960622 86
-0.20600558 0.99970361 2
-0.20599071 0.99928800 85
-0.20578928 0.99980513 0
-0.20552216 0.99954588 84
-0.20520660 0.99965641 86
-0.20461673 1.00028950 2
-0.20460180 0.99974786 85
-0.20440040 0.99996880 0
-0.20413324 1.00018980 84
-0.20381771 0.99970102 86
-0.20322788 0.99994703 2
-0.20321290 0.99995773 85
-0.20301152 1.00012556 0
-0.20274431 1.00036875 84
-0.20242882 0.99989944 86
-0.20183904 1.00006569 2
-0.20182400 0.99955894 85
-0.20162264 0.99928704 0
-0.20135539 1.00110182 84
-0.20103993 0.99978200 86
-0.20045019 1.00049672 2
-0.20043509 0.99959462 85
-0.20023375 0.99987029 0
-0.19996646 1.00009686 84
-0.19965104 0.99950932 86
-0.19906135 0.99959994 2
-0.19904619 0.99979047 85
-0.19884487 1.00007944 0
-0.19857754 1.00118504 84
-0.19826214 0.99941287 86
-0.19767250 1.00015835 2
-0.19765729 0.99976246 85
-0.19745599 0.99923685 0
-0.19718861 1.00084559 84
-0.19687325 1.00013543 86
-0.19628365 0.99993539 2
-0.19626838 1.00028261 85
-0.19606711 1.00022535 0
-0.19579969 1.00051025 84
-0.19548436 0.99937494 86
-0.19489481 0.99970878 2
-0.19487948 0.99999648 85
-0.19467823 0.99954157 0
-0.19441077 1.00020847 84
-0.19409547 0.99939662 86
-0.19350596 1.00002173 2
-0.19349058 0.99971144 85
-0.19328935 1.00022014 0
-0.19302184 1.00011959 84
-0.19270658 1.00015677 86
-0.19211712 0.99984679 2
-0.19210167 0.99992591 85
-0.19190047 0.99950641 0
-0.19163292 1.00025684 84
-0.19131769 0.99940198 86
-0.19072827 0.99919813 2
-0.19071277 0.99987749 85
-0.19051158 0.99981802 0
-0.19024399 1.00036184 84
-0.18992880 0.99944628 86
-0.18933942 1.00074523 2
-0.18932387 0.99970460 85
-0.18912270 0.99990630 0
-0.18885507 0.99998601 84
-0.18853991 0.99939108 86
-0.18795058 0.99928579 2
-0.18793496 0.99944886 85
-0.18773382 0.99992699 0
-0.18746614 0.99998193 84
-0.18715102 0.99977132 86
-0.18656173 0.99984419 2
-0.18654606 0.99977079 85
-0.18634494 0.99958436 0
-0.18607722 1.00072170 84
-0.18576213 1.00051092 86
-0.18517289 0.99986471 2
-0.18515716 1.00004912 85
-0.18495606 1.00008132 0
-0.18468829 1.00040987 84
-0.18437324 0.99973474 86
-0.18378404 0.99989260 2
-0.18376825 0.99980921 85
-0.18356718 0.99978133 0
-0.18329937 1.00032671 84
-0.18298435 0.99997041 86
-0.18239519 0.99922114 2
-0.18237935 0.99957342 85
-0.18217829 0.99985394 0
-0.18191044 1.00050344 84
-0.18159546 1.00017395 86
-0.18100635 1.00001755 2
-0.18099045 1.00030162 85
-0.18078941 1.00027619 0
-0.18052152 1.00030166 84
-0.18020657 0.99983075 86
-0.17961750 0.99951341 2
-0.17960154 0.99968019 85
-0.17940053 0.99978800 0
-0.17913259 1.00037802 84
-0.17881768 0.99960024 86
-0.17822866 0.99958423 2
-0.17821264 1.00024793 85
-0.17801165 1.00031366 0
-0.17774367 1.00029852 84
-0.17742879 0.99969810 86
-0.17683981 1.00077041 2
-0.17682374 1.00004529 85
-0.17662277 0.99999456 0
-0.17635474 1.00064671 84
-0.17603990 0.99998156 86
-0.17545096 0.99985482 2
-0.17543483 0.99971728 85
-0.17523389 1.00042465 0
-0.17496582 1.00007696 84
-0.17465100 1.00019416 86
-0.17406212 0.99972952 2
-0.17404593 0.99944002 85
-0.17384500 0.99991902 0
-0.17357690 1.00071088 84
-0.17326211 1.00027332 86
-0.17267327 0.99958686 2
-0.17265703 1.00029163 85
-0.17245612 1.00017102 0
-0.17218797 1.00037518 84
-0.17187322 0.99970180 86
-0.17128443 0.99973701 2
-0.17126812 1.00019390 85
-0.17106724 1.00023217 0
-0.17079905 1.00116100 84
-0.17048433 1.00013893 86
-0.16989558 0.99956459 2
-0.16987922 1.00018126 85
-0.16967836 1.00042143 0
-0.16941012 1.00076122 84
-0.16909544 0.99926623 86
-0.16850673 0.99962248 2
-0.16849032 0.99965403 85
-0.16828948 1.00047251 0
-0.16802120 1.00078799 84
-0.16770655 0.99946639 86
-0.16711789 0.99968907 2
-0.16710141 1.00048706 85
-0.16690060 1.00017523 0
-0.16663227 1.00005796 84
-0.16631766 1.00013458 86
-0.16572904 1.00050169 2
-0.16571251 0.99993302 85
-0.16551172 1.00033555 0
-0.16524335 1.00025236 84
-0.16492877 0.99974172 86
-0.16434019 1.00040359 2
-0.16432361 0.99971880 85
-0.16412283 1.00056733 0
-0.16385442 1.00000809 84
-0.16353988 0.99943117 86
-0.16295135 0.99930504 2
-0.16293470 1.00003261 85
-0.16273395 1.00012252 0
-0.16246550 1.00005741 84
-0.16215099 0.99911296 86
-0.16156250 0.99952426 2
-0.16154580 1.00056327 85
-0.16134507 1.00007633 0
-0.16107657 1.00024934 84
-0.16076210 0.99989574 86
-0.16017366 1.00030872 2
-0.16015690 0.99967756 85
-0.15995619 0.99962169 0
-0.15968765 1.00019806 84
-0.15937321 0.99940181 86
-0.15878481 0.99913360 2
-0.15876799 0.99986289 85
-0.15856731 1.00071784 0
-0.15829872 0.99981369 84
-0.15798432 0.99969717 86
-0.15739596 1.00076088 2
-0.15737909 1.00012617 85
-0.15717843 0.99892309 0
-0.15690980 1.00020267 84
-0.15659543 0.99903878 86
-0.15600712 0.99974512 2
-0.15599019 1.00010149 85
-0.15578954 1.00075248 0
-0.15552088 0.99979365 84
-0.15520654 0.99877064 86
-0.15461827 1.00042622 2
-0.15460128 1.00014692 85
-0.15440066 0.99928476 0
-0.15413195 0.99969975 84
-0.15381765 0.99914346 86
-0.15322943 0.99987194 2
-0.15321238 1.00025932 85
-0.15301178 0.99948418 0
-0.15274303 1.00021646 84
-0.15242876 0.99946348 86
-0.15184058 1.00074715 2
-0.15182348 0.99992876 85
-0.15162290 0.99967225 0
-0.15135410 1.00049550 84
-0.15103987 1.00062477 86
-0.15045173 0.99969976 2
-0.15043458 1.00000009 85
-0.15023402 1.00042834 0
-0.14996518 1.00036042 84
-0.14965097 1.00121541 86
-0.14906289 1.00025668 2
-0.14904567 0.99984622 85
-0.14884514 1.00000364 0
-0.14857625 0.99996358 84
-0.14826208 1.00098734 86
-0.14767404 0.99981109 2
-0.14765677 1.00013557 85
-0.14745626 0.99988806 0
-0.14718733 0.99955905 84
-0.14687319 1.00080797 86
-0.14628520 1.00008877 2
-0.14626787 1.00011282 85
-0.14606737 1.00084541 0
-0.14579840 1.00033605 84
-0.14548430 1.00148785 86
-0.14489635 1.00036461 2
-0.14487896 0.99999993 85
-0.14467849 1.00004343 0
-0.14440948 0.99999888 84
-0.14409541 1.00038808 86
-0.14350750 0.99958573 2
-0.14349006 0.99953688 85
-0.14328961 0.99948303 0
-0.14302055 1.00011872 84
-0.14270652 1.00053724 86
-0.14211866 1.00125453 2
-0.14210116 0.99999172 85
-0.14190073 1.00041312 0
-0.14163163 1.00011752 84
-0.14131763 1.00071088 86
-0.14072981 1.00037287 2
-0.14071225 0.99988756 85
-0.14051185 0.99984394 0
-0.14024270 1.00056309 84
-0.13992874 1.00025605 86
-0.13934097 0.99984770 2
-0.13932335 1.00010860 85
-0.13912297 0.99954051 0
-0.13885378 1.00021173 84
-0.13853985 1.00048367 86
-0.13795212 0.99942710 2
-0.13793445 0.99981857 85
-0.13773408 0.99946483 0
-0.13746486 0.99989547 84
-0.13715096 1.00030884 86
-0.13656327 1.00147455 2
-0.13654554 0.99994027 85
-0.13634520 1.00046875 0
-0.13607593 0.99935067 84
-0.13576207 1.00019417 86
-0.13517443 0.99994457 2
-0.13515664 1.00013640 85
-0.13495632 0.99998093 0
-0.13468701 0.99999480 84
-0.13437318 1.00041272 86
-0.13378558 0.99996941 2
-0.13376774 0.99962282 85
-0.13356744 0.99995149 0
-0.13329808 1.00016928 84
-0.13298429 1.00000262 86
-0.13239674 1.00045636 2
-0.13237883 1.00014764 85
-0.13217856 1.00006557 0
-0.13190916 0.99974429 84
-0.13159540 1.00077042 86
-0.13098993 1.00000669 85
-0.13078968 0.99968965 0
-0.13052023 0.99987577 84
-0.13020651 1.00017680 86
-0.12960103 1.00023796 85
-0.12940080 1.00017718 0
-0.12913131 1.00018191 84
-0.12881762 1.00013806 86
-0.12821212 1.00016493 85
-0.12801191 0.99969572 0
-0.12774238 1.00006139 84
-0.12742873 0.99977711 86
-0.12682322 1.00001030 85
-0.12662303 0.99996641 0
-0.12635346 0.99978286 84
-0.12603984 1.00002543 86
-0.12543432 0.99999538 85
-0.12523415 0.99968143 0
-0.12496453 0.99950880 84
-0.12465095 0.99973735 86
-0.12404541 0.99983160 85
-0.12384527 0.99973806 0
-0.12357561 0.99921755 84
-0.12326205 1.00003246 86
-0.12265651 0.99986066 85
-0.12245639 1.00013309 0
-0.12218668 1.00044913 84
-0.12187316 1.00015010 86
-0.12128597 1.00059537 2
-0.12126761 0.99978804 85
-0.12106751 1.00010355 0
-0.12079776 1.00000124 84
-0.12048427 1.00072295 86
-0.11989712 1.00096411 2
-0.11987871 1.00031262 85
-0.11967863 1.00018549 0
-0.11940884 0.99903812 84
-0.11909538 0.99982754 86
-0.11850828 1.00054798 2
-0.11848980 0.99963347 85
-0.11828974 0.99990590 0
-0.11801991 0.99932161 84
-0.11770649 1.00021306 86
-0.11711943 1.00055017 2
-0.11710090 1.00023668 85
-0.11690086 1.00035358 0
-0.11663099 0.99959352 84
-0.11631760 0.99967642 86
-0.11573058 1.00094389 2
-0.11571200 1.00041478 85
-0.11551198 0.99987175 0
-0.11524206 0.99989896 84
-0.11492871 1.00025110 86
-0.11434174 1.00023249 2
-0.11432309 1.00022734 85
-0.11412310 0.99937895 0
-0.11385314 0.99949932 84
-0.11353982 1.00001748 86
-0.11295289 1.00012685 2
-0.11293419 1.00050160 85
-0.11273422 0.99982950 0
-0.11246421 0.99984770 84
-0.11215093 1.00065797 86
-0.11156405 1.00027598 2
-0.11154529 0.99995895 85
-0.11134534 0.99999425 0
-0.11107529 0.99973469 84
-0.11076204 1.00011308 86
-0.11017520 1.00027895 2
-0.11015638 0.99971956 85
-0.10995645 0.99998280 0
-0.10968636 1.00019588 84
-0.10937315 1.00020096 86
-0.10878635 1.00022872 2
-0.10876748 1.00008559 85
-0.10856757 0.99979645 0
-0.10829744 0.99967453 84
-0.10798426 1.00042109 86
-0.10739751 1.00012530 2
-0.10737858 1.00017763 85
-0.10717869 1.00006335 0
-0.10690851 0.99993696 84
-0.10659537 0.99972434 86
-0.10600866 1.00053471 2
-0.10598967 1.00068743 85
-0.10578981 0.99974402 0
-0.10551959 0.99951980 84
-0.10520648 1.00015756 86
-0.10461982 1.00005306 2
-0.10460077 1.00039474 85
-0.10440093 1.00008058 0
-0.10413067 0.99988749 84
-0.10381759 0.99958765 86
-0.10323097 0.99949805 2
-0.10321187 1.00010373 85
-0.10301205 0.99919423 0
-0.10274174 0.99939489 84
-0.10242870 0.99964890 86
-0.10184212 1.00035025 2
-0.10182296 1.00027788 85
-0.10162317 1.00008004 0
-0.10135282 0.99952853 84
-0.10103981 0.99924313 86
-0.10045328 0.99992629 2
-0.10043406 0.99990747 85
-0.10023429 1.00004166 0
-0.09996389 0.99935529 84
-0.09965092 0.99975074 86
-0.09906443 1.00005598 2
-0.09904516 1.00023393 85
-0.09884540 0.99915791 0
-0.09857497 0.99947494 84
-0.09826203 0.99923558 86
-0.09767559 1.00006901 2
-0.09765626 1.00031854 85
-0.09745652 0.99986486 0
-0.09718604 0.99996210 84
-0.09687313 0.99949052 86
-0.09628674 1.00049889 2
-0.09626735 1.00016120 85
-0.09606764 0.99999824 0
-0.09579712 0.99987264 84
-0.09548424 0.99924219 86
-0.09489790 1.00018892 2
-0.09487845 1.00053249 85
-0.09467876 0.99970305 0
-0.09440819 0.99953578 84
-0.09409535 0.99876703 86
-0.09350905 0.99994473 2
-0.09348955 0.99973040 85
-0.09328988 0.99978230 0
-0.09301927 0.99964702 84
-0.09270646 0.99979197 86
-0.09212020 1.00006573 2
-0.09210064 1.00016317 85
-0.09190100 0.99968366 0
-0.09163035 0.99953169 84
-0.09131757 0.99989232 86
-0.09073136 0.99950451 2
-0.09071174 1.00035714 85
-0.09051211 0.99988065 0
-0.09024142 0.99970505 84
-0.08992868 0.99971481 86
-0.08934251 1.00020279 2
-0.08932284 1.00006218 85
-0.08912323 0.99981203 0
-0.08885250 0.99970189 84
-0.08853979 0.99919396 86
-0.08795367 1.00002194 2
-0.08793393 1.00012586 85
-0.08773435 0.99952589 0
-0.08746357 0.99943626 84
-0.08715090 0.99981246 86
-0.08656482 0.99926359 2
-0.08654503 1.00025238 85
-0.08634547 0.99928018 0
-0.08607465 0.99968300 84
-0.08576201 0.99973784 86
-0.08517597 1.00022294 2
-0.08515613 1.00020782 85
-0.08495659 0.99989513 0
-0.08468572 0.99888886 84
-0.08437312 0.99886370 86
-0.08378713 0.99998003 2
-0.08376722 0.99989439 85
-0.08356771 0.99957167 0
-0.08329680 0.99935390 84
-0.08298423 0.99957621 86
-0.08239828 1.00039795 2
-0.08237832 0.99983173 85
-0.08217883 0.99963781 0
-0.08190787 0.99859392 84
-0.08159534 0.99899858 86
-0.08100944 1.00027215 2
-0.08098942 0.99885603 85
-0.08078994 0.99957673 0
-0.08051895 0.99802112 84
-0.08020645 0.99768401 86
-0.07962059 0.99980611 2
-0.07960052 0.99870442 85
-0.07940106 1.00027762 0
-0.07913002 0.99823937 84
-0.07881756 0.99751005 86
-0.07823174 1.00048906 2
-0.07821161 0.99784907 85
-0.07801218 1.00009357 0
-0.07774110 0.99797266 84
-0.07742867 0.99669746 86
-0.07684290 0.99980091 2
-0.07682271 0.99873891 85
-0.07662330 0.99966643 0
-0.07635218 0.99768073 84
-0.07603978 0.99735627 86
-0.07545405 0.99969305 2
-0.07543381 0.99720301 85
-0.07523442 1.00018530 0
-0.07496325 0.99706480 84
-0.07465089 0.99681867 86
-0.07406521 1.00025107 2
-0.07404490 0.99781143 85
-0.07384554 0.99969998 0
-0.07357433 0.99767547 84
-0.07326200 0.99688343 86
-0.07267636 1.00005286 2
-0.07265600 0.99781941 85
-0.07245666 0.99993509 0
-0.07218540 0.99697020 84
-0.07187311 0.99699562 86
-0.07128751 1.00009240 2
-0.07126710 0.99808828 85
-0.07106777 0.99976854 0
-0.07079648 0.99696277 84
-0.07048422 0.99624447 86
-0.06989867 0.99978583 2
-0.06987819 0.99745190 85
-0.06967889 0.99889571 0
-0.06940755 0.99729883 84
-0.06909533 0.99663948 86
-0.06850982 0.99896890 2
-0.06848929 0.99753951 85
-0.06829001 0.99837630 0
-0.06801863 0.99756075 84
-0.06770643 0.99623306 86
-0.06712098 0.99885132 2
-0.06710039 0.99759835 85
-0.06690113 0.99767639 0
-0.06662970 0.99644440 84
-0.06631754 0.99713931 86
-0.06573213 0.99787862 2
-0.06571149 0.99718284 85
-0.06551225 0.99759934 0
-0.06524078 0.99639485 84
-0.06492865 0.99690946 86
-0.06434329 0.99769721 2
-0.06432258 0.99709124 85
-0.06412337 0.99657645 0
-0.06385186 0.99673725 84
-0.06353976 0.99684676 86
-0.06295444 0.99745028 2
-0.06293368 0.99689501 85
-0.06273449 0.99781818 0
-0.06246293 0.99651439 84
-0.06215087 0.99651312 86
-0.06156559 0.99727992 2
-0.06154478 0.99761739 85
-0.06134560 0.99645759 0
-0.06107401 0.99641303 84
-0.06076198 0.99634233 86
-0.06017675 0.99759299 2
-0.06015587 0.99731987 85
-0.05995672 0.99679592 0
-0.05968508 0.99647817 84
-0.05937309 0.99625162 86
-0.05878790 0.99791845 2
-0.05876697 0.99730714 85
-0.05856784 0.99730095 0
-0.05829616 0.99723116 84
-0.05798420 0.99616955 86
-0.05739906 0.99863674 2
-0.05737807 0.99666536 85
-0.05717896 0.99691742 0
-0.05690723 0.99720430 84
-0.05659531 0.99650614 86
-0.05601021 0.99836064 2
-0.05598916 0.99734744 85
-0.05579008 0.99638301 0
-0.05551831 0.99703178 84
-0.05520642 0.99595443 86
-0.05462136 0.99789674 2
-0.05460026 0.99695925 85
-0.05440120 0.99700502 0
-0.05412938 0.99733784 84
-0.05381753 0.99604788 86
-0.05323252 0.99800157 2
-0.05321136 0.99679855 85
-0.05301232 0.99656891 0
-0.05274046 0.99677301 84
-0.05242864 0.99601315 86
-0.05184367 0.99799573 2
-0.05182246 0.99741602 85
-0.05162344 0.99680721 0
-0.05135153 0.99665033 84
-0.05103975 0.99613228 86
-0.05045483 0.99799340 2
-0.05043355 0.99706803 85
-0.05023455 0.99717089 0
-0.04996261 0.99696139 84
-0.04965086 0.99621978 86
-0.04906598 0.99841031 2
-0.04904465 0.99711289 85
-0.04884567 0.99738594 0
-0.04857369 0.99630957 84
-0.04826197 0.99617611 86
-0.04767713 0.99956953 2
-0.04765575 0.99725034 85
-0.04718476 0.99684621 84
-0.04687308 0.99613333 86
-0.04628829 0.99922543 2
-0.04626684 0.99677394 85
-0.04579584 0.99638661 84
-0.04548419 0.99616070 86
-0.04489944 0.99897823 2
-0.04487794 0.99725294 85
-0.04440691 0.99643719 84
-0.04409530 0.99607583 86
-0.04351060 0.99924659 2
-0.04348904 0.99721670 85
-0.04301799 0.99630947 84
-0.04270641 0.99620794 86
-0.04212175 0.99892107 2
-0.04210013 0.99692661 85
-0.04162906 0.99630665 84
-0.04131752 0.99625746 86
-0.04073290 0.99878046 2
-0.04071123 0.99635597 85
-0.04024014 0.99617582 84
-0.03992863 0.99627045 86
-0.03934406 0.99858124 2
-0.03932233 0.99646017 85
-0.03885121 0.99699498 84
-0.03853973 0.99625807 86
-0.03795521 0.99846216 2
-0.03793343 0.99664717 85
-0.03773462 0.99688786 0
-0.03746229 0.99677898 84
-0.03715084 0.99663238 86
-0.03656637 0.99742483 2
-0.03654452 0.99639841 85
-0.03634574 0.99720799 0
-0.03607337 0.99712881 84
-0.03576195 0.99631054 86
-0.03517752 0.99789476 2
-0.03515562 0.99745807 85
-0.03495686 0.99685081 0
-0.03468444 0.99710583 84
-0.03437306 0.99648788 86
-0.03378868 0.99784552 2
-0.03376672 0.99729835 85
-0.03356798 0.99665924 0
-0.03329552 0.99700061 84
-0.03298417 0.99617706 86
-0.03239983 0.99743040 2
-0.03237781 0.99719984 85
-0.03217910 0.99713263 0
-0.03190659 0.99668163 84
-0.03159528 0.99640860 86
-0.03101098 0.99769564 2
-0.03098891 0.99744734 85
-0.03079021 0.99669193 0
-0.03051767 0.99663263 84
-0.03020639 0.99594399 86
-0.02962214 0.99774473 2
-0.02960001 0.99693697 85
-0.02940133 0.99696232 0
-0.02912874 0.99614973 84
-0.02881750 0.99609532 86
-0.02823329 0.99725393 2
-0.02821110 0.99730361 85
-0.02801245 0.99660094 0
-0.02773982 0.99716041 84
-0.02742861 0.99627688 86
-0.02684445 0.99703055 2
-0.02682220 0.99719264 85
-0.02662357 0.99695317 0
-0.02635089 0.99692463 84
-0.02603972 0.99582084 86
-0.02545560 0.99674911 2
-0.02543330 0.99689436 85
-0.02523469 0.99659487 0
-0.02496197 0.99706022 84
-0.02465083 0.99615328 86
-0.02406675 0.99666388 2
-0.02404440 0.99637621 85
-0.02384581 0.99644981 0
-0.02357305 0.99733863 84
-0.02326194 0.99600489 86
-0.02267791 0.99676460 2
-0.02265549 0.99629753 85
-0.02245693 0.99603558 0
-0.02218412 0.99678683 84
-0.02187305 0.99552581 86
-0.02128906 0.99678576 2
-0.02126659 0.99937776 85
-0.02106804 0.99679066 0
-0.02079520 0.99737587 84
-0.02048416 0.99611878 86
-0.01990022 0.99682183 2
-0.01987769 1.00305632 85
-0.01967916 0.99723652 0
-0.01940627 0.99714374 84
-0.01909527 0.99629463 86
-0.01851137 0.99592060 2
-0.01848878 1.00029772 85
-0.01829028 0.99748852 0
-0.01801735 0.99707923 84
-0.01770638 0.99608416 86
-0.01712252 0.99668463 2
-0.01709988 0.99914580 85
-0.01690140 0.99746438 0
-0.01662842 0.99673544 84
-0.01631749 0.99585609 86
-0.01573368 0.99642922 2
-0.01571098 0.99878114 85
-0.01551252 0.99733871 0
-0.01523950 0.99670168 84
-0.01492860 0.99596385 86
-0.01434483 0.99640561 2
-0.01432208 0.99832601 85
-0.01412364 0.99717117 0
-0.01385057 0.99653158 84
-0.01353971 0.99572563 86
-0.01295599 0.99652708 2
-0.01293317 0.99803524 85
-0.01273476 0.99762498 0
-0.01246165 0.99687043 84
-0.01215082 0.99564573 86
-0.01156714 0.99644194 2
-0.01154427 0.99801509 85
-0.01134588 0.99748871 0
-0.01107273 0.99687170 84
-0.01076193 0.99577032 86
-0.01017830 0.99642610 2
-0.01015537 0.99736652 85
-0.00995699 0.99756347 0
-0.00968380 0.99677841 84
-0.00937304 0.99589430 86
-0.00878945 0.99663904 2
-0.00876646 0.99769653 85
-0.00856811 0.99700386 0
-0.00829488 0.99704593 84
-0.00798415 0.99543217 86
-0.00740060 0.99655003 2
-0.00737756 0.99712125 85
-0.00717923 0.99713284 0
-0.00690595 0.99681663 84
-0.00659526 0.99553358 86
-0.00601176 0.99732632 2
-0.00598866 0.99701880 85
-0.00579035 0.99730578 0
-0.00551703 0.99672196 84
-0.00520636 0.99502850 86
-0.00462291 0.99684151 2
-0.00459975 0.99870448 85
-0.00440147 0.99673419 0
-0.00412810 0.99637176 84
-0.00381747 0.99567815 86
-0.00323407 0.99681124 2
-0.00321085 0.99855480 85
-0.00301259 0.99653613 0
-0.00273918 0.99621376 84
-0.00242858 0.99565440 86
-0.00184522 0.99639665 2
-0.00182195 0.99774438 85
-0.00162371 0.99686165 0
-0.00135026 0.99664622 84
-0.00103969 0.99606445 86
-0.00045638 0.99653219 2
-0.00043305 0.99743350 85
-0.00023483 0.99668656 0
0.00003867 0.99701052 84
0.00034920 0.99595981 86
0.00093247 0.99688721 2
0.00095586 0.99731473 85
0.00115406 0.99680141 0
0.00142759 0.99669341 84
0.00173809 0.99582439 86
0.00232132 0.99686394 2
0.00234476 0.99756296 85
0.00254294 0.99682487 0
0.00281652 0.99623019 84
0.00312698 0.99587304 86
0.00373366 0.99784509 85
0.00393182 0.99667541 0
0.00420544 0.99659036 84
0.00451587 0.99580301 86
0.00509901 0.99615530 2
0.00512257 0.99778243 85
0.00532070 0.99621129 0
0.00559437 0.99758349 84
0.00590476 0.99557556 86
0.00648785 0.99709002 2
0.00651147 0.99725260 85
0.00670958 0.99653156 0
0.00698329 0.99685564 84
0.00729365 0.99543790 86
0.00787670 0.99696240 2
0.00790037 0.99732216 85
0.00809846 0.99685313 0
0.00837222 0.99677897 84
0.00868254 0.99570179 86
0.00926555 0.99702126 2
0.00928927 0.99785940 85
0.00948734 0.99596056 0
0.00976114 0.99662149 84
0.01007143 0.99581738 86
0.01065439 0.99668598 2
0.01067818 0.99729947 85
0.01087623 0.99643864 0
0.01115006 0.99671396 84
0.01146032 0.99653923 86
0.01204324 0.99644239 2
0.01206708 0.99740613 85
0.01226511 0.99641673 0
0.01253899 0.99663026 84
0.01284921 0.99644497 86
0.01343208 0.99658918 2
0.01345598 0.99719507 85
0.01365399 0.99664165 0
0.01392791 0.99657853 84
0.01423810 0.99688870 86
0.01482093 0.99674352 2
0.01484489 0.99733187 85
0.01504287 0.99698718 0
0.01531684 0.99705761 84
0.01562699 0.99871530 86
0.01620977 0.99710245 2
0.01623379 0.99767327 85
0.01643175 0.99697281 0
0.01670576 0.99634142 84
0.01701588 1.00106377 86
0.01759862 0.99651502 2
0.01762269 0.99778794 85
0.01782063 0.99732308 0
0.01809469 0.99707858 84
0.01840477 1.00110198 86
0.01898747 0.99688558 2
0.01901159 0.99737537 85
0.01920951 0.99757730 0
0.01948361 0.99653027 84
0.01979366 1.00427693 86
0.02037631 0.99699033 2
0.02040050 0.99743188 85
0.02059839 0.99718247 0
0.02087254 0.99719584 84
0.02118255 1.00386663 86
0.02176516 0.99711661 2
0.02178940 0.99762427 85
0.02198728 0.99713419 0
0.02226146 0.99729776 84
0.02257144 1.00185161 86
0.02315400 0.99707629 2
0.02317830 0.99685413 85
0.02337616 0.99686238 0
0.02365038 0.99750508 84
0.02396033 1.00181487 86
0.02454285 0.99718760 2
0.02456721 0.99707480 85
0.02476504 0.99656226 0
0.02503931 0.99706378 84
0.02534922 1.00106391 86
0.02593170 0.99721701 2
0.02595611 0.99767716 85
0.02615392 0.99613326 0
0.02642823 0.99687335 84
0.02673811 1.00024519 86
0.02732054 0.99705898 2
0.02734501 0.99753120 85
0.02754280 0.99644255 0
0.02781716 0.99684196 84
0.02812701 1.00048127 86
0.02870939 0.99671123 2
0.02873391 0.99744727 85
0.02893168 0.99619822 0
0.02920608 0.99672424 84
0.02951590 1.00101578 86
0.03009823 0.99692237 2
0.03012282 0.99731209 85
0.03032056 0.99683638 0
0.03059501 0.99622883 84
0.03090479 0.99994838 86
0.03148708 0.99590763 2
0.03151172 0.99729880 85
0.03170944 0.99602813 0
0.03198393 0.99662372 84
0.03229368 1.00045430 86
0.03287592 0.99657019 2
0.03290062 0.99807088 85
0.03309833 0.99644953 0
0.03337285 0.99657517 84
0.03368257 1.00039514 86
0.03426477 0.99582550 2
0.03428953 0.99730583 85
0.03448721 0.99679360 0
0.03476178 0.99706284 84
0.03507146 1.00046906 86
0.03565362 0.99653545 2
0.03567843 0.99729559 85
0.03587609 0.99703721 0
0.03615070 0.99690876 84
0.03646035 1.00090494 86
0.03704246 0.99570306 2
0.03706733 0.99734798 85
0.03726497 0.99680045 0
0.03753963 0.99700703 84
0.03784924 1.00068236 86
0.03843131 0.99632619 2
0.03845623 0.99825458 85
0.03865385 0.99647511 0
0.03892855 0.99680728 84
0.03923813 0.99995232 86
0.03982015 0.99618526 2
0.03984514 0.99757877 85
0.04004273 0.99761902 0
0.04031748 0.99670797 84
0.04062702 1.00030709 86
0.04120900 0.99627948 2
0.04123404 0.99773012 85
0.04143161 0.99687545 0
0.04170640 0.99705017 84
0.04201591 1.00005093 86
0.04259784 0.99615505 2
0.04262294 0.99784434 85
0.04282049 0.99716582 0
0.04309532 0.99675037 84
0.04340480 1.00009437 86
0.04398669 0.99624382 2
0.04401184 0.99826596 85
0.04420938 0.99690794 0
0.04448425 0.99709103 84
0.04479369 1.00051940 86
0.04540075 0.99769714 85
0.04559826 0.99755887 0
0.04587317 0.99755963 84
0.04618258 1.00023311 86
0.04678965 0.99754643 85
0.04698714 0.99778373 0
0.04726210 0.99741831 84
0.04757147 0.99970254 86
0.04817855 0.99802211 85
0.04837602 0.99697143 0
0.04865102 0.99776451 84
0.04896036 1.00045618 86
0.04954207 0.99602248 2
0.04956746 0.99740490 85
0.04976490 0.99726369 0
0.05003995 0.99780653 84
0.05034925 0.99983262 86
0.05093092 0.99619282 2
0.05095636 0.99779536 85
0.05115378 0.99716583 0
0.05142887 0.99823478 84
0.05173814 0.99999064 86
0.05231977 0.99668061 2
0.05234526 0.99781034 85
0.05254266 0.99726165 0
0.05281779 0.99807378 84
0.05312703 0.99921970 86
0.05370861 0.99677054 2
0.05373416 0.99923519 85
0.05393154 0.99758010 0
0.05420672 0.99851375 84
0.05451592 0.99963036 86
0.05509746 0.99636976 2
0.05512307 0.99891236 85
0.05532043 0.99751433 0
0.05559564 0.99905918 84
0.05590481 0.99948072 86
0.05648630 0.99645033 2
0.05651197 0.99881072 85
0.05670931 0.99781081 0
0.05698457 0.99928042 84
0.05729370 1.00040333 86
0.05787515 0.99716926 2
0.05790087 1.00022048 85
0.05809819 0.99732006 0
0.05837349 0.99999231 84
0.05868259 1.00085723 86
0.05926399 0.99711083 2
0.05928977 1.00003794 85
0.05948707 0.99730913 0
0.05976242 0.99993689 84
0.06007148 1.00060826 86
0.06065284 0.99747645 2
0.06067868 1.00007263 85
0.06087595 1.00058997 0
0.06115134 1.00044396 84
0.06146037 1.00056326 86
0.06204169 0.99766473 2
0.06206758 1.00000684 85
0.06254026 1.00004595 84
0.06284926 1.00048016 86
0.06343053 0.99754054 2
0.06345648 0.99946708 85
0.06365371 1.00073633 0
0.06392919 0.99976882 84
0.06423815 1.00054667 86
0.06481938 0.99669386 2
0.06484539 1.00035522 85
0.06504259 1.00096441 0
0.06531811 0.99974280 84
0.06562704 1.00043721 86
0.06620822 0.99763901 2
0.06623429 0.99946268 85
0.06643148 1.00081143 0
0.06670704 0.99995735 84
0.06701594 1.00027835 86
0.06762319 1.00002631 85
0.06782036 1.00027838 0
0.06809596 0.99998973 84
0.06840483 1.00139831 86
0.06901209 1.00012155 85
0.06920924 1.00042001 0
0.06948489 1.00006251 84
0.06979372 1.00013130 86
0.07040100 0.99970932 85
0.07059812 1.00033339 0
0.07087381 0.99963091 84
0.07118261 0.99993302 86
0.07178990 0.99957746 85
0.07198700 1.00082883 0
0.07226274 0.99950314 84
0.07257150 1.00044606 86
0.07317880 0.99984535 85
0.07337588 1.00073536 0
0.07365166 1.00002328 84
0.07396039 1.00010131 86
0.07454130 1.00049185 2
0.07456771 0.99952220 85
0.07476476 1.00095795 0
0.07504058 1.00217711 84
0.07534928 1.00002793 86
0.07595661 1.00008364 85
0.07615364 1.00065697 0
0.07642951 1.00208994 84
0.07673817 1.00021055 86
0.07734551 0.99953350 85
0.07754253 1.00046957 0
0.07781843 1.00082905 84
0.07812706 1.00050808 86
0.07873441 0.99971813 85
0.07893141 1.00025620 0
0.07920736 1.00083160 84
0.07951595 1.00041196 86
0.08012332 0.99983798 85
0.08032029 1.00011625 0
0.08059628 1.00053658 84
0.08090484 1.00055133 86
0.08148553 1.00023335 2
0.08151222 1.00023111 85
0.08170917 0.99995159 0
0.08198520 1.00057569 84
0.08229373 1.00040919 86
0.08287437 0.99975175 2
0.08290112 0.99992396 85
0.08309805 1.00014215 0
0.08337413 1.00040138 84
0.08368262 1.00040209 86
0.08426322 1.00018218 2
0.08429002 0.99988436 85
0.08448693 1.00017754 0
0.08476305 1.00050766 84
0.08507151 0.99935312 86
0.08565206 1.00027521 2
0.08567893 1.00030897 85
0.08587581 1.00030614 0
0.08615198 1.00067498 84
0.08646040 0.99982020 86
0.08704091 1.00022552 2
0.08706783 0.99983828 85
0.08726469 1.00013289 0
0.08754090 1.00049454 84
0.08784929 1.00008728 86
0.08842975 1.00031581 2
0.08845673 0.99984206 85
0.08865357 1.00074900 0
0.08892983 1.00058299 84
0.08923818 1.00015948 86
0.08981860 1.00048882 2
0.08984563 1.00011411 85
0.09004246 0.99979742 0
0.09031875 1.00093438 84
0.09062707 0.99988992 86
0.09120745 1.00104521 2
0.09123454 1.00024962 85
0.09143134 1.00034567 0
0.09170767 1.00092221 84
0.09201596 1.00018035 86
0.09259629 1.00119548 2
0.09262344 0.99997142 85
0.09282022 1.00006724 0
0.09309660 1.00038490 84
0.09340485 1.00048726 86
0.09398514 1.00025814 2
0.09401234 1.00012955 85
0.09420910 1.00016881 0
0.09448552 1.00073492 84
0.09479374 1.00037783 86
0.09537398 1.00018359 2
0.09540125 1.00022232 85
0.09559798 0.99988444 0
0.09587445 0.99991908 84
0.09618263 1.00010072 86
0.09676283 0.99989547 2
0.09679015 1.00001981 85
0.09698686 1.00010832 0
0.09726337 1.00051387 84
0.09757152 0.99988977 86
0.09815167 1.00041817 2
0.09817905 1.00017197 85
0.09837574 1.00019896 0
0.09865230 1.00024249 84
0.09896041 0.99971271 86
0.09954052 1.00115675 2
0.09956795 1.00011462 85
0.09976462 1.00002635 0
0.10004122 1.00052077 84
0.10034930 0.99934891 86
0.10092937 0.99945385 2
0.10095686 1.00020934 85
0.10115351 0.99990742 0
0.10143014 1.00031512 84
0.10173819 0.99947262 86
0.10231821 1.00074155 2
0.10234576 1.00010109 85
0.10254239 1.00022659 0
0.10281907 1.00010071 84
0.10312708 1.00022464 86
0.10370706 1.00001855 2
0.10373466 0.99998933 85
0.10393127 1.00018732 0
0.10420799 0.99950304 84
0.10451597 0.99986145 86
0.10509590 0.99968341 2
0.10512356 0.99987488 85
0.10532015 0.99997269 0
0.10559692 1.00090019 84
0.10590486 0.99964091 86
0.10648475 0.99866158 2
0.10651247 1.00016787 85
0.10670903 1.00021138 0
0.10698584 1.00023148 84
0.10729375 0.99963829 86
0.10787359 0.99955715 2
0.10790137 0.99975612 85
0.10809791 0.99986529 0
0.10837477 0.99977351 84
0.10868265 1.00009158 86
0.10926244 1.00026574 2
0.10929027 1.00005518 85
0.10948679 0.99999780 0
0.10976369 0.99999252 84
0.11007154 1.00028451 86
0.11065129 0.99868128 2
0.11067918 1.00026086 85
0.11087567 1.00012715 0
0.11115261 0.99958497 84
0.11146043 0.99960723 86
0.11204013 0.99998070 2
0.11206808 0.99966477 85
0.11226455 1.00011608 0
0.11254154 1.00020250 84
0.11284932 1.00070992 86
0.11342898 0.99992756 2
0.11345698 1.00000608 85
0.11365344 1.00051158 0
0.11393046 0.99988284 84
0.11423821 0.99958238 86
0.11481782 1.00010257 2
0.11484588 0.99983321 85
0.11504232 0.99990952 0
0.11531939 0.99988628 84
0.11562710 1.00043870 86
0.11620667 1.00117155 2
0.11623479 0.99998262 85
0.11643120 0.99996976 0
0.11670831 0.99997252 84
0.11701599 0.99983000 86
0.11759551 1.00056267 2
0.11762369 0.99981464 85
0.11782008 1.00014201 0
0.11809724 0.99990222 84
0.11840488 1.00010538 86
0.11898436 1.00056819 2
0.11901259 1.00044487 85
0.11920896 1.00011633 0
0.11948616 0.99971308 84
0.11979377 1.00006337 86
0.12037321 1.00047460 2
0.12040149 0.99997477 85
0.12059784 0.99977095 0
0.12087508 1.00021948 84
0.12118266 0.99999402 86
0.12176205 1.00058432 2
0.12179040 1.00006442 85
0.12198672 1.00013406 0
0.12226401 0.99966998 84
0.12257155 1.00031168 86
0.12315090 0.99994152 2
0.12317930 0.99968092 85
0.12337560 1.00025924 0
0.12365293 0.99970697 84
0.12396044 1.00021491 86
0.12453974 1.00048469 2
0.12456820 0.99995968 85
0.12476449 1.00015711 0
0.12504186 1.00016527 84
0.12534933 0.99960212 86
0.12592859 0.99981731 2
0.12595710 1.00014260 85
0.12615337 1.00003308 0
0.12643078 1.00001346 84
0.12673822 1.00022075 86
0.12731743 1.00085964 2
0.12734601 0.99999105 85
0.12754225 1.00000000 0
0.12781970 1.00003068 84
0.12812711 1.00053178 86
0.12870628 0.99999486 2
0.12873491 0.99990535 85
0.12893113 0.99982520 0
0.12920863 1.00013420 84
0.12951600 1.00090216 86
0.13009512 1.00041224 2
0.13012381 0.99998659 85
0.13032001 0.99995130 0
0.13059755 1.00023039 84
0.13090489 1.00123434 86
0.13148397 1.00020747 2
0.13151272 0.99973031 85
0.13170889 1.00023072 0
0.13198648 1.00026022 84
0.13229378 1.00030860 86
0.13287282 0.99864088 2
0.13290162 1.00017267 85
0.13309777 0.99974561 0
0.13337540 1.00003879 84
0.13368267 1.00046331 86
0.13426166 1.00008790 2
0.13429052 0.99997652 85
0.13448665 0.99985437 0
0.13476433 1.00027171 84
0.13507156 1.00011277 86
0.13565051 0.99962869 2
0.13567942 0.99959390 85
0.13587553 0.99960988 0
0.13615325 1.00007921 84
0.13646045 1.00012454 86
0.13703935 1.00015048 2
0.13706833 0.99991217 85
0.13726442 0.99998713 0
0.13754217 1.00032426 84
0.13784934 1.00080610 86
0.13842820 1.00082361 2
0.13845723 0.99990085 85
0.13865330 1.00026439 0
0.13893110 1.00044854 84
0.13923823 0.99986956 86
0.13984613 1.00053674 85
0.14004218 1.00026017 0
0.14032002 1.00057816 84
0.14062712 1.00007701 86
0.14120589 1.00078883 2
0.14123503 0.99977031 85
0.14143106 0.99991733 0
0.14170895 0.99995180 84
0.14201601 1.00054183 86
0.14259474 1.00161712 2
0.14262394 1.00000035 85
0.14281994 0.99979293 0
0.14309787 1.00042019 84
0.14340490 1.00012621 86
0.14398358 0.99936697 2
0.14401284 1.00026731 85
0.14420882 1.00041827 0
0.14448680 1.00020009 84
0.14479379 1.00028293 86
0.14537243 1.00073823 2
0.14540174 0.99966806 85
0.14559770 0.99988385 0
0.14587572 0.99993662 84
0.14618268 1.00092374 86
0.14679064 1.00000604 85
0.14698658 1.00004882 0
0.14726464 1.00044958 84
0.14757157 0.99989038 86
0.14815012 0.99858551 2
0.14817955 1.00031950 85
0.14837546 1.00013968 0
0.14865357 1.00011373 84
0.14896046 1.00013880 86
0.14956845 1.00001920 85
0.14976435 0.99998815 0
0.15004249 1.00023492 84
0.15034935 1.00008898 86
0.15092781 0.99940134 2
0.15095735 0.99985284 85
0.15115323 0.99987301 0
0.15143142 1.00014716 84
0.15173824 1.00016793 86
0.15234625 1.00036885 85
0.15254211 0.99976842 0
0.15282034 1.00010348 84
0.15312713 0.99993079 86
0.15373516 1.00017518 85
0.15393099 1.00015625 0
0.15420926 1.00040970 84
0.15451602 0.99914800 86
0.15512406 1.00014887 85
0.15531987 0.99945198 0
0.15559819 1.00027809 84
0.15590492 1.00023238 86
0.15648319 0.99997906 2
0.15651296 1.00004338 85
0.15670875 1.00035768 0
0.15698711 0.99980880 84
0.15729381 0.99992727 86
0.15790186 1.00003763 85
0.15809763 1.00035139 0
0.15837604 1.00000000 84
0.15868270 1.00033720 86
0.15929077 1.00015349 85
0.15948651 1.00019373 0
0.15976496 1.00013444 84
0.16007159 0.99984764 86
0.16064973 1.00000395 2
0.16067967 0.99990015 85
0.16087539 1.00027414 0
0.16115388 0.99955215 84
0.16146048 0.99969889 86
0.16203857 1.00048620 2
0.16206857 0.99997048 85
0.16226428 0.99931609 0
0.16254281 1.00038673 84
0.16284937 1.00007405 86
0.16342742 1.00059398 2
0.16345747 0.99972019 85
0.16365316 0.99978581 0
0.16393173 0.99996756 84
0.16423826 0.99926069 86
0.16481627 1.00135463 2
0.16484638 0.99988118 85
0.16504204 0.99962747 0
0.16532066 0.99972604 84
0.16562715 1.00004562 86
0.16620511 1.00164246 2
0.16623528 1.00005177 85
0.16643092 1.00011640 0
0.16670958 0.99979361 84
0.16701604 0.99947357 86
0.16762418 0.99999904 85
0.16781980 0.99986455 0
0.16809851 1.00053725 84
0.16840493 0.99950340 86
0.16898280 1.00110676 2
0.16901308 0.99988171 85
0.16920868 0.99966152 0
0.16948743 0.99993281 84
0.16979382 0.99942875 86
0.17040199 0.99987923 85
0.17059756 1.00043646 0
0.17087635 1.00025732 84
0.17118271 0.99947129 86
0.17179089 0.99986566 85
0.17198644 1.00034273 0
0.17226528 1.00041989 84
0.17257160 0.99935339 86
0.17314934 1.00103199 2
0.17317979 1.00000924 85
0.17337532 1.00021115 0
0.17365420 1.00004752 84
0.17396049 0.99974507 86
0.17453818 0.99864299 2
0.17456869 1.00049971 85
0.17476420 1.00022472 0
0.17504313 0.99962121 84
0.17534938 1.00000167 86
0.17592703 0.99928763 2
0.17595760 0.99954559 85
0.17615309 1.00011641 0
0.17643205 1.00040802 84
0.17673827 0.99965605 86
0.17731588 0.99948782 2
0.17734650 0.99996798 85
0.17754197 0.99955096 0
0.17782097 1.00010753 84
0.17812716 0.99965178 86
0.17873540 1.00006409 85
0.17893085 1.00007779 0
0.17920990 1.00009499 84
0.17951605 0.99961733 86
0.18012430 0.99985421 85
0.18031973 1.00029468 0
0.18059882 0.99983010 84
0.18090494 1.00025181 86
0.18148241 0.99920066 2
0.18151321 0.99949700 85
0.18170861 0.99990391 0
0.18198775 0.99963074 84
0.18229383 0.99940331 86
0.18290211 1.00050912 85
0.18309749 0.99998939 0
0.18337667 0.99960581 84
0.18368272 0.99979932 86
0.18426010 1.00032360 2
0.18429101 0.99963885 85
0.18448637 0.99984017 0
0.18476560 1.00040414 84
0.18507161 0.99948042 86
0.18564895 1.00041210 2
0.18567992 1.00032096 85
0.18587525 0.99944305 0
0.18615452 0.99997789 84
0.18646050 0.99978414 86
0.18703780 0.99894331 2
0.18706882 1.00036251 85
0.18726413 1.00024134 0
0.18754344 0.99981761 84
0.18784939 1.00014443 86
0.18845772 1.00035898 85
0.18865302 1.00020707 0
0.18893237 0.99979745 84
0.18923828 0.99959450 86
0.18984662 0.99972078 85
0.19004190 0.99988256 0
0.19032129 1.00045408 84
0.19062717 0.99999833 86
0.19120433 0.99974937 2
0.19123553 0.99964563 85
0.19143078 1.00013274 0
0.19171022 0.99981870 84
0.19201606 0.99910533 86
0.19262443 1.00012738 85
0.19281966 0.99998632 0
0.19309914 0.99983650 84
0.19340495 0.99943747 86
0.19401333 0.99996953 85
0.19420854 0.99981616 0
0.19448806 1.00004097 84
0.19479384 0.99985987 86
0.19540223 0.99996177 85
0.19559742 0.99998831 0
0.19587699 0.99995166 84
0.19618273 0.99964062 86
0.19679114 0.99941673 85
0.19698630 1.00036748 0
0.19726591 0.99952751 84
0.19757162 0.99920050 86
0.19814856 1.00081642 2
0.19818004 1.00013134 85
0.19837518 1.00010755 0
0.19865484 0.99997957 84
0.19896051 1.00003473 86
0.19956894 0.99982290 85
0.19976406 0.99991459 0
0.20004376 0.99996040 84
0.20034940 1.00044300 86
0.20095784 1.00001569 85
0.20115294 0.99971724 0
0.20143269 0.99979098 84
0.20173829 1.00016347 86
0.20231510 1.00083984 2
0.20234675 0.99988297 85
0.20254183 1.00005649 0
0.20282161 0.99995236 84
0.20312718 1.00004288 86
0.20370394 1.00001763 2
0.20373565 1.00000007 85
0.20393071 1.00007056 0
0.20421053 0.99984444 84
0.20451607 0.99944708 86
0.20509279 1.00071172 2
0.20512455 1.00006858 85
0.20531959 0.99992561 0
0.20559946 1.00001211 84
0.20590496 0.99937527 86
0.20648163 0.99995882 2
0.20651345 1.00037268 85
0.20670847 0.99971785 0
0.20698838 0.99976824 84
0.20729385 1.00008486 86
0.20787048 1.00034218 2
0.20790235 0.99970789 85
0.20809735 0.99952224 0
0.20837731 1.00014740 84
0.20868274 0.99893614 86
0.20925932 1.00033467 2
0.20929126 1.00002900 85
0.20948623 0.99978483 0
0.20976623 0.99972362 84
0.21007164 0.99996026 86
0.21064817 1.00011279 2
0.21068016 0.99997556 85
0.21087511 0.99973270 0
0.21115515 0.99993607 84
0.21146053 1.00037920 86
0.21203702 0.99999750 2
0.21206906 1.00012606 85
0.21226399 0.99951141 0
0.21254408 0.99956237 84
0.21284942 0.99967469 86
0.21342586 1.00086972 2
0.21345796 0.99985508 85
0.21365287 0.99978682 0
0.21393300 0.99970615 84
0.21423831 1.00014858 86
0.21481471 0.99973213 2
0.21484687 0.99995407 85
0.21504175 1.00032501 0
0.21532193 0.99996178 84
0.21562720 1.00001352 86
0.21620355 0.99946569 2
0.21623577 0.99974194 85
0.21643064 0.99958208 0
0.21671085 0.99971859 84
0.21701609 0.99974272 86
0.21759240 1.00027045 2
0.21762467 0.99987724 85
0.21781952 0.99996818 0
0.21809977 0.99997361 84
0.21840498 1.00019103 86
0.21898124 0.99951724 2
0.21901357 1.00031499 85
0.21920840 0.99966763 0
0.21948870 0.99995764 84
0.21979387 1.00013239 86
0.22037009 1.00043756 2
0.22040248 0.99959740 85
0.22059728 0.99985497 0
0.22087762 0.99999873 84
0.22118276 1.00020042 86
0.22175893 0.99933951 2
0.22179138 1.00018539 85
0.22198616 1.00016340 0
0.22226655 0.99953782 84
0.22257165 0.99977225 86
0.22314778 0.99924734 2
0.22318028 1.00007607 85
0.22337504 0.99941963 0
0.22365547 1.00008000 84
0.22396054 1.00034626 86
0.22453663 0.99974257 2
0.22456918 0.99974923 85
0.22476392 0.99955770 0
0.22504439 0.99934792 84
0.22534943 0.99994055 86
0.22592547 0.99987284 2
0.22595809 1.00006159 85
0.22615280 1.00016468 0
0.22643332 1.00019512 84
0.22673832 0.99983501 86
0.22731432 1.00000250 2
0.22734699 1.00030055 85
0.22754168 0.99978679 0
0.22782224 0.99990231 84
0.22812721 1.00008272 86
0.22870316 0.99908028 2
0.22873589 1.00021568 85
0.22893056 1.00010928 0
0.22921117 1.00066906 84
0.22951610 1.00033261 86
0.23009201 0.99959280 2
0.23012479 0.99971371 85
0.23031945 1.00037512 0
0.23060009 0.99989502 84
0.23090499 1.00008107 86
0.23148085 0.99959415 2
0.23151370 0.99978387 85
0.23170833 1.00051921 0
0.23198901 1.00066567 84
0.23229388 0.99979674 86
0.23286970 1.00042707 2
0.23290260 0.99972680 85
0.23309721 0.99982817 0
0.23337794 0.99977592 84
0.23368277 0.99992907 86
0.23425854 1.00058720 2
0.23429150 1.00073888 85
0.23448609 1.00064556 0
0.23476686 1.00042196 84
0.23507166 1.00018865 86
0.23564739 0.99965569 2
0.23568040 1.00020529 85
0.23587497 1.00025268 0
0.23615579 0.99986841 84
0.23646055 1.00016399 86
0.23703624 1.00047148 2
0.23706931 1.00041531 85
0.23726385 1.00072856 0
0.23754471 1.00019336 84
0.23784944 1.00000860 86
0.23845821 1.00034939 85
0.23865273 1.00020105 0
0.23893364 1.00071330 84
0.23923833 1.00053008 86
0.23984711 0.99998198 85
0.24004161 1.00015963 0
0.24032256 1.00065271 84
0.24062722 1.00010800 86
0.24123601 0.99992161 85
0.24143049 1.00049484 0
0.24171148 1.00016677 84
0.24201611 1.00051616 86
0.24262492 1.00032791 85
0.24281937 1.00075261 0
0.24310041 0.99993947 84
0.24340500 1.00035547 86
0.24401382 1.00008344 85
0.24420826 1.00092079 0
0.24448933 1.00021009 84
0.24479389 1.00009988 86
0.24540272 1.00003090 85
0.24559714 1.00010250 0
0.24587826 0.99969872 84
0.24618278 1.00053803 86
0.24679162 1.00039605 85
0.24698602 1.00032715 0
0.24726718 1.00014393 84
0.24757167 1.00021792 86
0.24818053 0.99967279 85
0.24837490 1.00027320 0
0.24865610 0.99980020 84
0.24896056 0.99983575 86
0.24956943 0.99986858 85
0.24976378 1.00008941 0
