# AU Mic b - todos os transitos extraidos dos setores 1 e 27
# T0_ref=1330.390510  P_ref=8.4631516  janela=+/-0.25 d  N_transitos=5  N_pontos=1739
# tempo_BTJD  dt_dias  fluxo_residual  fluxo_normalizado  epoca  setor
1330.14166539 -0.24884461 1.00056385 1.00059835 0 12018
1330.14305427 -0.24745573 1.00060234 1.00063684 0 12018
1330.14444315 -0.24606685 1.00071523 1.00074975 0 12018
1330.14583203 -0.24467797 0.99959761 0.99963208 0 12018
1330.14722092 -0.24328908 0.99976493 0.99979941 0 12018
1330.14860980 -0.24190020 0.99998917 1.00002365 0 12018
1330.14999868 -0.24051132 1.00045398 1.00048848 0 12018
1330.15138756 -0.23912244 1.00029909 1.00033359 0 12018
1330.15277644 -0.23773356 1.00002094 1.00005543 0 12018
1330.15416532 -0.23634468 1.00005271 1.00008720 0 12018
1330.15555421 -0.23495579 1.00024769 1.00028218 0 12018
1330.15694309 -0.23356691 0.99991042 0.99994490 0 12018
1330.15833197 -0.23217803 0.99969533 0.99972980 0 12018
1330.15972085 -0.23078915 1.00015347 1.00018796 0 12018
1330.16110973 -0.22940027 0.99989443 0.99992891 0 12018
1330.16249861 -0.22801139 1.00025900 1.00029350 0 12018
1330.16388750 -0.22662250 1.00062554 1.00066005 0 12018
1330.16527638 -0.22523362 0.99946617 0.99950063 0 12018
1330.16666526 -0.22384474 1.00001288 1.00004737 0 12018
1330.16805414 -0.22245586 0.99996755 1.00000203 0 12018
1330.16944302 -0.22106698 1.00019631 1.00023081 0 12018
1330.17083190 -0.21967810 0.99983529 0.99986977 0 12018
1330.17222078 -0.21828922 0.99991228 0.99994677 0 12018
1330.17360967 -0.21690033 0.99980430 0.99983878 0 12018
1330.17499855 -0.21551145 0.99983382 0.99986830 0 12018
1330.17638743 -0.21412257 0.99977767 0.99981215 0 12018
1330.17777631 -0.21273369 0.99950946 0.99954393 0 12018
1330.17916519 -0.21134481 1.00010255 1.00013704 0 12018
1330.18055407 -0.20995593 0.99980098 0.99983546 0 12018
1330.18194296 -0.20856704 1.00004369 1.00007818 0 12018
1330.18333184 -0.20717816 0.99922509 0.99925955 0 12018
1330.18472072 -0.20578928 0.99977065 0.99980513 0 12018
1330.18610960 -0.20440040 0.99993432 0.99996880 0 12018
1330.18749848 -0.20301152 1.00009107 1.00012556 0 12018
1330.18888736 -0.20162264 0.99925258 0.99928704 0 12018
1330.19027625 -0.20023375 0.99983581 0.99987029 0 12018
1330.19166513 -0.19884487 1.00004496 1.00007944 0 12018
1330.19305401 -0.19745599 0.99920239 0.99923685 0 12018
1330.19444289 -0.19606711 1.00019086 1.00022535 0 12018
1330.19583177 -0.19467823 0.99950710 0.99954157 0 12018
1330.19722065 -0.19328935 1.00018564 1.00022014 0 12018
1330.19860953 -0.19190047 0.99947194 0.99950641 0 12018
1330.19999842 -0.19051158 0.99978354 0.99981802 0 12018
1330.20138730 -0.18912270 0.99987182 0.99990630 0 12018
1330.20277618 -0.18773382 0.99989251 0.99992699 0 12018
1330.20416506 -0.18634494 0.99954989 0.99958436 0 12018
1330.20555394 -0.18495606 1.00004684 1.00008132 0 12018
1330.20694282 -0.18356718 0.99974685 0.99978133 0 12018
1330.20833171 -0.18217829 0.99981946 0.99985394 0 12018
1330.20972059 -0.18078941 1.00024169 1.00027619 0 12018
1330.21110947 -0.17940053 0.99975352 0.99978800 0 12018
1330.21249835 -0.17801165 1.00027916 1.00031366 0 12018
1330.21388723 -0.17662277 0.99996008 0.99999456 0 12018
1330.21527611 -0.17523389 1.00039015 1.00042465 0 12018
1330.21666500 -0.17384500 0.99988454 0.99991902 0 12018
1330.21805388 -0.17245612 1.00013652 1.00017102 0 12018
1330.21944276 -0.17106724 1.00019768 1.00023217 0 12018
1330.22083164 -0.16967836 1.00038693 1.00042143 0 12018
1330.22222052 -0.16828948 1.00043801 1.00047251 0 12018
1330.22360940 -0.16690060 1.00014073 1.00017523 0 12018
1330.22499828 -0.16551172 1.00030105 1.00033555 0 12018
1330.22638717 -0.16412283 1.00053283 1.00056733 0 12018
1330.22777605 -0.16273395 1.00008803 1.00012252 0 12018
1330.22916493 -0.16134507 1.00004184 1.00007633 0 12018
1330.23055381 -0.15995619 0.99958721 0.99962169 0 12018
1330.23194269 -0.15856731 1.00068333 1.00071784 0 12018
1330.23333157 -0.15717843 0.99888865 0.99892309 0 12018
1330.23472046 -0.15578954 1.00071797 1.00075248 0 12018
1330.23610934 -0.15440066 0.99925030 0.99928476 0 12018
1330.23749822 -0.15301178 0.99944972 0.99948418 0 12018
1330.23888710 -0.15162290 0.99963778 0.99967225 0 12018
1330.24027598 -0.15023402 1.00039384 1.00042834 0 12018
1330.24166486 -0.14884514 0.99996915 1.00000364 0 12018
1330.24305374 -0.14745626 0.99985357 0.99988806 0 12018
1330.24444263 -0.14606737 1.00081089 1.00084541 0 12018
1330.24583151 -0.14467849 1.00000894 1.00004343 0 12018
1330.24722039 -0.14328961 0.99944856 0.99948303 0 12018
1330.24860927 -0.14190073 1.00037862 1.00041312 0 12018
1330.24999815 -0.14051185 0.99980946 0.99984394 0 12018
1330.25138703 -0.13912297 0.99950604 0.99954051 0 12018
1330.25277592 -0.13773408 0.99943037 0.99946483 0 12018
1330.25416480 -0.13634520 1.00043425 1.00046875 0 12018
1330.25555368 -0.13495632 0.99994645 0.99998093 0 12018
1330.25694256 -0.13356744 0.99991700 0.99995149 0 12018
1330.25833144 -0.13217856 1.00003108 1.00006557 0 12018
1330.25972032 -0.13078968 0.99965517 0.99968965 0 12018
1330.26110920 -0.12940080 1.00014268 1.00017718 0 12018
1330.26249809 -0.12801191 0.99966124 0.99969572 0 12018
1330.26388697 -0.12662303 0.99993192 0.99996641 0 12018
1330.26527585 -0.12523415 0.99964696 0.99968143 0 12018
1330.26666473 -0.12384527 0.99970358 0.99973806 0 12018
1330.26805361 -0.12245639 1.00009860 1.00013309 0 12018
1330.26944249 -0.12106751 1.00006906 1.00010355 0 12018
1330.27083137 -0.11967863 1.00015100 1.00018549 0 12018
1330.27222026 -0.11828974 0.99987142 0.99990590 0 12018
1330.27360914 -0.11690086 1.00031908 1.00035358 0 12018
1330.27499802 -0.11551198 0.99983727 0.99987175 0 12018
1330.27638690 -0.11412310 0.99934449 0.99937895 0 12018
1330.27777578 -0.11273422 0.99979502 0.99982950 0 12018
1330.27916466 -0.11134534 0.99995977 0.99999425 0 12018
1330.28055355 -0.10995645 0.99994831 0.99998280 0 12018
1330.28194243 -0.10856757 0.99976197 0.99979645 0 12018
1330.28333131 -0.10717869 1.00002887 1.00006335 0 12018
1330.28472019 -0.10578981 0.99970954 0.99974402 0 12018
1330.28610907 -0.10440093 1.00004609 1.00008058 0 12018
1330.28749795 -0.10301205 0.99915977 0.99919423 0 12018
1330.28888683 -0.10162317 1.00004555 1.00008004 0 12018
1330.29027571 -0.10023429 1.00000717 1.00004166 0 12018
1330.29166460 -0.09884540 0.99912345 0.99915791 0 12018
1330.29305348 -0.09745652 0.99983038 0.99986486 0 12018
1330.29444236 -0.09606764 0.99996375 0.99999824 0 12018
1330.29583124 -0.09467876 0.99966857 0.99970305 0 12018
1330.29722012 -0.09328988 0.99974782 0.99978230 0 12018
1330.29860900 -0.09190100 0.99964918 0.99968366 0 12018
1330.29999789 -0.09051211 0.99984617 0.99988065 0 12018
1330.30138677 -0.08912323 0.99977755 0.99981203 0 12018
1330.30277565 -0.08773435 0.99949142 0.99952589 0 12018
1330.30416453 -0.08634547 0.99924572 0.99928018 0 12018
1330.30555341 -0.08495659 0.99986065 0.99989513 0 12018
1330.30694229 -0.08356771 0.99953720 0.99957167 0 12018
1330.30833117 -0.08217883 0.99960334 0.99963781 0 12018
1330.30972006 -0.08078994 0.99954226 0.99957673 0 12018
1330.31110894 -0.07940106 1.00024313 1.00027762 0 12018
1330.31249782 -0.07801218 1.00005908 1.00009357 0 12018
1330.31388670 -0.07662330 0.99963196 0.99966643 0 12018
1330.31527558 -0.07523442 1.00015081 1.00018530 0 12018
1330.31666446 -0.07384554 0.99966551 0.99969998 0 12018
1330.31805334 -0.07245666 0.99990061 0.99993509 0 12018
1330.31944223 -0.07106777 0.99973406 0.99976854 0 12018
1330.32083111 -0.06967889 0.99886126 0.99889571 0 12018
1330.32221999 -0.06829001 0.99834187 0.99837630 0 12018
1330.32360887 -0.06690113 0.99764199 0.99767639 0 12018
1330.32499775 -0.06551225 0.99756493 0.99759934 0 12018
1330.32638663 -0.06412337 0.99654208 0.99657645 0 12018
1330.32777551 -0.06273449 0.99778377 0.99781818 0 12018
1330.32916440 -0.06134560 0.99642323 0.99645759 0 12018
1330.33055328 -0.05995672 0.99676155 0.99679592 0 12018
1330.33194216 -0.05856784 0.99726656 0.99730095 0 12018
1330.33333104 -0.05717896 0.99688304 0.99691742 0 12018
1330.33471992 -0.05579008 0.99634865 0.99638301 0 12018
1330.33610880 -0.05440120 0.99697063 0.99700502 0 12018
1330.33749768 -0.05301232 0.99653454 0.99656891 0 12018
1330.33888656 -0.05162344 0.99677284 0.99680721 0 12018
1330.34027545 -0.05023455 0.99713650 0.99717089 0 12018
1330.34166433 -0.04884567 0.99735154 0.99738594 0 12018
1330.35277538 -0.03773462 0.99685349 0.99688786 0 12018
1330.35416426 -0.03634574 0.99717361 0.99720799 0 12018
1330.35555314 -0.03495686 0.99681644 0.99685081 0 12018
1330.35694202 -0.03356798 0.99662487 0.99665924 0 12018
1330.35833090 -0.03217910 0.99709824 0.99713263 0 12018
1330.35971979 -0.03079021 0.99665756 0.99669193 0 12018
1330.36110867 -0.02940133 0.99692794 0.99696232 0 12018
1330.36249755 -0.02801245 0.99656658 0.99660094 0 12018
1330.36388643 -0.02662357 0.99691879 0.99695317 0 12018
1330.36527531 -0.02523469 0.99656050 0.99659487 0 12018
1330.36666419 -0.02384581 0.99641545 0.99644981 0 12018
1330.36805307 -0.02245693 0.99600124 0.99603558 0 12018
1330.36944196 -0.02106804 0.99675629 0.99679066 0 12018
1330.37083084 -0.01967916 0.99720213 0.99723652 0 12018
1330.37221972 -0.01829028 0.99745412 0.99748852 0 12018
1330.37360860 -0.01690140 0.99742998 0.99746438 0 12018
1330.37499748 -0.01551252 0.99730432 0.99733871 0 12018
1330.37638636 -0.01412364 0.99713679 0.99717117 0 12018
1330.37777524 -0.01273476 0.99759058 0.99762498 0 12018
1330.37916412 -0.01134588 0.99745431 0.99748871 0 12018
1330.38055301 -0.00995699 0.99752907 0.99756347 0 12018
1330.38194189 -0.00856811 0.99696947 0.99700386 0 12018
1330.38333077 -0.00717923 0.99709845 0.99713284 0 12018
1330.38471965 -0.00579035 0.99727139 0.99730578 0 12018
1330.38610853 -0.00440147 0.99669982 0.99673419 0 12018
1330.38749741 -0.00301259 0.99650176 0.99653613 0 12018
1330.38888629 -0.00162371 0.99682728 0.99686165 0 12018
1330.39027517 -0.00023483 0.99665219 0.99668656 0 12018
1330.39166406 0.00115406 0.99676704 0.99680141 0 12018
1330.39305294 0.00254294 0.99679049 0.99682487 0 12018
1330.39444182 0.00393182 0.99664104 0.99667541 0 12018
1330.39583070 0.00532070 0.99617693 0.99621129 0 12018
1330.39721958 0.00670958 0.99649719 0.99653156 0 12018
1330.39860846 0.00809846 0.99681875 0.99685313 0 12018
1330.39999734 0.00948734 0.99592622 0.99596056 0 12018
1330.40138623 0.01087623 0.99640427 0.99643864 0 12018
1330.40277511 0.01226511 0.99638237 0.99641673 0 12018
1330.40416399 0.01365399 0.99660728 0.99664165 0 12018
1330.40555287 0.01504287 0.99695280 0.99698718 0 12018
1330.40694175 0.01643175 0.99693843 0.99697281 0 12018
1330.40833063 0.01782063 0.99728869 0.99732308 0 12018
1330.40971951 0.01920951 0.99754289 0.99757730 0 12018
1330.41110839 0.02059839 0.99714808 0.99718247 0 12018
1330.41249728 0.02198728 0.99709981 0.99713419 0 12018
1330.41388616 0.02337616 0.99682800 0.99686238 0 12018
1330.41527504 0.02476504 0.99652789 0.99656226 0 12018
1330.41666392 0.02615392 0.99609891 0.99613326 0 12018
1330.41805280 0.02754280 0.99640819 0.99644255 0 12018
1330.41944168 0.02893168 0.99616386 0.99619822 0 12018
1330.42083056 0.03032056 0.99680200 0.99683638 0 12018
1330.42221944 0.03170944 0.99599379 0.99602813 0 12018
1330.42360833 0.03309833 0.99641516 0.99644953 0 12018
1330.42499721 0.03448721 0.99675922 0.99679360 0 12018
1330.42638609 0.03587609 0.99700282 0.99703721 0 12018
1330.42777497 0.03726497 0.99676608 0.99680045 0 12018
1330.42916385 0.03865385 0.99644075 0.99647511 0 12018
1330.43055273 0.04004273 0.99758462 0.99761902 0 12018
1330.43194161 0.04143161 0.99684107 0.99687545 0 12018
1330.43333049 0.04282049 0.99713143 0.99716582 0 12018
1330.43471938 0.04420938 0.99687356 0.99690794 0 12018
1330.43610826 0.04559826 0.99752447 0.99755887 0 12018
1330.43749714 0.04698714 0.99774932 0.99778373 0 12018
1330.43888602 0.04837602 0.99693705 0.99697143 0 12018
1330.44027490 0.04976490 0.99722930 0.99726369 0 12018
1330.44166378 0.05115378 0.99713144 0.99716583 0 12018
1330.44305266 0.05254266 0.99722726 0.99726165 0 12018
1330.44444154 0.05393154 0.99754570 0.99758010 0 12018
1330.44583043 0.05532043 0.99747993 0.99751433 0 12018
1330.44721931 0.05670931 0.99777640 0.99781081 0 12018
1330.44860819 0.05809819 0.99728567 0.99732006 0 12018
1330.44999707 0.05948707 0.99727474 0.99730913 0 12018
1330.45138595 0.06087595 1.00055546 1.00058997 0 12018
1330.45416371 0.06365371 1.00070181 1.00073633 0 12018
1330.45555259 0.06504259 1.00092989 1.00096441 0 12018
1330.45694148 0.06643148 1.00077692 1.00081143 0 12018
1330.45833036 0.06782036 1.00024388 1.00027838 0 12018
1330.45971924 0.06920924 1.00038551 1.00042001 0 12018
1330.46110812 0.07059812 1.00029889 1.00033339 0 12018
1330.46249700 0.07198700 1.00079432 1.00082883 0 12018
1330.46388588 0.07337588 1.00070085 1.00073536 0 12018
1330.46527476 0.07476476 1.00092343 1.00095795 0 12018
1330.46666364 0.07615364 1.00062247 1.00065697 0 12018
1330.46805253 0.07754253 1.00043507 1.00046957 0 12018
1330.46944141 0.07893141 1.00022171 1.00025620 0 12018
1330.47083029 0.08032029 1.00008176 1.00011625 0 12018
1330.47221917 0.08170917 0.99991711 0.99995159 0 12018
1330.47360805 0.08309805 1.00010766 1.00014215 0 12018
1330.47499693 0.08448693 1.00014305 1.00017754 0 12018
1330.47638581 0.08587581 1.00027165 1.00030614 0 12018
1330.47777469 0.08726469 1.00009840 1.00013289 0 12018
1330.47916357 0.08865357 1.00071449 1.00074900 0 12018
1330.48055246 0.09004246 0.99976294 0.99979742 0 12018
1330.48194134 0.09143134 1.00031118 1.00034567 0 12018
1330.48333022 0.09282022 1.00003275 1.00006724 0 12018
1330.48471910 0.09420910 1.00013432 1.00016881 0 12018
1330.48610798 0.09559798 0.99984996 0.99988444 0 12018
1330.48749686 0.09698686 1.00007383 1.00010832 0 12018
1330.48888574 0.09837574 1.00016447 1.00019896 0 12018
1330.49027462 0.09976462 0.99999187 1.00002635 0 12018
1330.49166351 0.10115351 0.99987294 0.99990742 0 12018
1330.49305239 0.10254239 1.00019210 1.00022659 0 12018
1330.49444127 0.10393127 1.00015282 1.00018732 0 12018
1330.49583015 0.10532015 0.99993820 0.99997269 0 12018
1330.49721903 0.10670903 1.00017689 1.00021138 0 12018
1330.49860791 0.10809791 0.99983081 0.99986529 0 12018
1330.49999679 0.10948679 0.99996331 0.99999780 0 12018
1330.50138567 0.11087567 1.00009266 1.00012715 0 12018
1330.50277455 0.11226455 1.00008159 1.00011608 0 12018
1330.50416344 0.11365344 1.00047708 1.00051158 0 12018
1330.50555232 0.11504232 0.99987504 0.99990952 0 12018
1330.50694120 0.11643120 0.99993527 0.99996976 0 12018
1330.50833008 0.11782008 1.00010752 1.00014201 0 12018
1330.50971896 0.11920896 1.00008184 1.00011633 0 12018
1330.51110784 0.12059784 0.99973648 0.99977095 0 12018
1330.51249672 0.12198672 1.00009957 1.00013406 0 12018
1330.51388560 0.12337560 1.00022474 1.00025924 0 12018
1330.51527449 0.12476449 1.00012262 1.00015711 0 12018
1330.51666337 0.12615337 0.99999859 1.00003308 0 12018
1330.51805225 0.12754225 0.99996551 1.00000000 0 12018
1330.51944113 0.12893113 0.99979072 0.99982520 0 12018
1330.52083001 0.13032001 0.99991681 0.99995130 0 12018
1330.52221889 0.13170889 1.00019623 1.00023072 0 12018
1330.52360777 0.13309777 0.99971113 0.99974561 0 12018
1330.52499665 0.13448665 0.99981989 0.99985437 0 12018
1330.52638553 0.13587553 0.99957541 0.99960988 0 12018
1330.52777442 0.13726442 0.99995264 0.99998713 0 12018
1330.52916330 0.13865330 1.00022990 1.00026439 0 12018
1330.53055218 0.14004218 1.00022567 1.00026017 0 12018
1330.53194106 0.14143106 0.99988285 0.99991733 0 12018
1330.53332994 0.14281994 0.99975846 0.99979293 0 12018
1330.53471882 0.14420882 1.00038377 1.00041827 0 12018
1330.53610770 0.14559770 0.99984937 0.99988385 0 12018
1330.53749658 0.14698658 1.00001433 1.00004882 0 12018
1330.53888546 0.14837546 1.00010519 1.00013968 0 12018
1330.54027435 0.14976435 0.99995366 0.99998815 0 12018
1330.54166323 0.15115323 0.99983853 0.99987301 0 12018
1330.54305211 0.15254211 0.99973394 0.99976842 0 12018
1330.54444099 0.15393099 1.00012176 1.00015625 0 12018
1330.54582987 0.15531987 0.99941752 0.99945198 0 12018
1330.54721875 0.15670875 1.00032318 1.00035768 0 12018
1330.54860763 0.15809763 1.00031689 1.00035139 0 12018
1330.54999651 0.15948651 1.00015924 1.00019373 0 12018
1330.55138539 0.16087539 1.00023965 1.00027414 0 12018
1330.55277428 0.16226428 0.99928163 0.99931609 0 12018
1330.55416316 0.16365316 0.99975133 0.99978581 0 12018
1330.55555204 0.16504204 0.99959300 0.99962747 0 12018
1330.55694092 0.16643092 1.00008192 1.00011640 0 12018
1330.55832980 0.16781980 0.99983006 0.99986455 0 12018
1330.55971868 0.16920868 0.99962704 0.99966152 0 12018
1330.56110756 0.17059756 1.00040196 1.00043646 0 12018
1330.56249644 0.17198644 1.00030823 1.00034273 0 12018
1330.56388532 0.17337532 1.00017666 1.00021115 0 12018
1330.56527420 0.17476420 1.00019022 1.00022472 0 12018
1330.56666309 0.17615309 1.00008192 1.00011641 0 12018
1330.56805197 0.17754197 0.99951649 0.99955096 0 12018
1330.56944085 0.17893085 1.00004330 1.00007779 0 12018
1330.57082973 0.18031973 1.00026018 1.00029468 0 12018
1330.57221861 0.18170861 0.99986943 0.99990391 0 12018
1330.57360749 0.18309749 0.99995491 0.99998939 0 12018
1330.57499637 0.18448637 0.99980569 0.99984017 0 12018
1330.57638525 0.18587525 0.99940859 0.99944305 0 12018
1330.57777413 0.18726413 1.00020685 1.00024134 0 12018
1330.57916302 0.18865302 1.00017258 1.00020707 0 12018
1330.58055190 0.19004190 0.99984808 0.99988256 0 12018
1330.58194078 0.19143078 1.00009825 1.00013274 0 12018
1330.58332966 0.19281966 0.99995183 0.99998632 0 12018
1330.58471854 0.19420854 0.99978168 0.99981616 0 12018
1330.58610742 0.19559742 0.99995383 0.99998831 0 12018
1330.58749630 0.19698630 1.00033298 1.00036748 0 12018
1330.58888518 0.19837518 1.00007306 1.00010755 0 12018
1330.59027406 0.19976406 0.99988011 0.99991459 0 12018
1330.59166294 0.20115294 0.99968277 0.99971724 0 12018
1330.59305183 0.20254183 1.00002201 1.00005649 0 12018
1330.59444071 0.20393071 1.00003607 1.00007056 0 12018
1330.59582959 0.20531959 0.99989113 0.99992561 0 12018
1330.59721847 0.20670847 0.99968337 0.99971785 0 12018
1330.59860735 0.20809735 0.99948777 0.99952224 0 12018
1330.59999623 0.20948623 0.99975036 0.99978483 0 12018
1330.60138511 0.21087511 0.99969823 0.99973270 0 12018
1330.60277399 0.21226399 0.99947694 0.99951141 0 12018
1330.60416287 0.21365287 0.99975234 0.99978682 0 12018
1330.60555175 0.21504175 1.00029052 1.00032501 0 12018
1330.60694064 0.21643064 0.99954761 0.99958208 0 12018
1330.60832952 0.21781952 0.99993370 0.99996818 0 12018
1330.60971840 0.21920840 0.99963315 0.99966763 0 12018
1330.61110728 0.22059728 0.99982049 0.99985497 0 12018
1330.61249616 0.22198616 1.00012890 1.00016340 0 12018
1330.61388504 0.22337504 0.99938517 0.99941963 0 12018
1330.61527392 0.22476392 0.99952323 0.99955770 0 12018
1330.61666280 0.22615280 1.00013019 1.00016468 0 12018
1330.61805168 0.22754168 0.99975231 0.99978679 0 12018
1330.61944056 0.22893056 1.00007479 1.00010928 0 12018
1330.62082945 0.23031945 1.00034062 1.00037512 0 12018
1330.62221833 0.23170833 1.00048471 1.00051921 0 12018
1330.62360721 0.23309721 0.99979370 0.99982817 0 12018
1330.62499609 0.23448609 1.00061106 1.00064556 0 12018
1330.62638497 0.23587497 1.00021818 1.00025268 0 12018
1330.62777385 0.23726385 1.00069405 1.00072856 0 12018
1330.62916273 0.23865273 1.00016656 1.00020105 0 12018
1330.63055161 0.24004161 1.00012514 1.00015963 0 12018
1330.63194049 0.24143049 1.00046033 1.00049484 0 12018
1330.63332937 0.24281937 1.00071810 1.00075261 0 12018
1330.63471826 0.24420826 1.00088627 1.00092079 0 12018
1330.63610714 0.24559714 1.00006802 1.00010250 0 12018
1330.63749602 0.24698602 1.00029266 1.00032715 0 12018
1330.63888490 0.24837490 1.00023870 1.00027320 0 12018
1330.64027378 0.24976378 1.00005492 1.00008941 0 12018
1347.06914224 -0.24767096 0.99968615 0.99996027 2 12018
1347.07053109 -0.24628211 0.99950349 0.99977756 2 12018
1347.07191993 -0.24489327 0.99950030 0.99977436 2 12018
1347.07330878 -0.24350442 0.99945145 0.99972550 2 12018
1347.07469762 -0.24211558 0.99955776 0.99983184 2 12018
1347.07747532 -0.23933788 0.99987018 1.00014434 2 12018
1347.07886416 -0.23794904 0.99947743 0.99975148 2 12018
1347.08025301 -0.23656019 0.99924826 0.99952225 2 12018
1347.08164185 -0.23517135 0.99899216 0.99926608 2 12018
1347.08303070 -0.23378250 0.99924344 0.99951743 2 12018
1347.08441955 -0.23239365 0.99948607 0.99976012 2 12018
1347.08580839 -0.23100481 0.99916762 0.99944158 2 12018
1347.08719724 -0.22961596 0.99940437 0.99967841 2 12018
1347.08858609 -0.22822711 0.99940062 0.99967465 2 12018
1347.08997493 -0.22683827 0.99867106 0.99894490 2 12018
1347.09136378 -0.22544942 0.99917635 0.99945032 2 12018
1347.09275262 -0.22406058 0.99923663 0.99951062 2 12018
1347.09414147 -0.22267173 0.99948833 0.99976238 2 12018
1347.09553032 -0.22128288 0.99968718 0.99996129 2 12018
1347.09691916 -0.21989404 0.99976714 1.00004127 2 12018
1347.09830801 -0.21850519 1.00009121 1.00036543 2 12018
1347.09969685 -0.21711635 0.99955464 0.99982871 2 12018
1347.10108570 -0.21572750 0.99977349 1.00004762 2 12018
1347.10247455 -0.21433865 1.00048373 1.00075806 2 12018
1347.10386339 -0.21294981 1.00046831 1.00074263 2 12018
1347.10525224 -0.21156096 1.00024327 1.00051754 2 12018
1347.10664108 -0.21017212 0.99912950 0.99940346 2 12018
1347.10802993 -0.20878327 1.00002574 1.00029995 2 12018
1347.10941878 -0.20739442 0.99948361 0.99975767 2 12018
1347.11080762 -0.20600558 0.99942957 0.99970361 2 12018
1347.11219647 -0.20461673 1.00001530 1.00028950 2 12018
1347.11358532 -0.20322788 0.99967292 0.99994703 2 12018
1347.11497416 -0.20183904 0.99979155 1.00006569 2 12018
1347.11636301 -0.20045019 1.00022246 1.00049672 2 12018
1347.11775185 -0.19906135 0.99932593 0.99959994 2 12018
1347.11914070 -0.19767250 0.99988419 1.00015835 2 12018
1347.12052955 -0.19628365 0.99966129 0.99993539 2 12018
1347.12191839 -0.19489481 0.99943474 0.99970878 2 12018
1347.12330724 -0.19350596 0.99974761 1.00002173 2 12018
1347.12469608 -0.19211712 0.99957271 0.99984679 2 12018
1347.12608493 -0.19072827 0.99892423 0.99919813 2 12018
1347.12747378 -0.18933942 1.00047091 1.00074523 2 12018
1347.12886262 -0.18795058 0.99901187 0.99928579 2 12018
1347.13025147 -0.18656173 0.99957011 0.99984419 2 12018
1347.13164031 -0.18517289 0.99959062 0.99986471 2 12018
1347.13302916 -0.18378404 0.99961850 0.99989260 2 12018
1347.13441801 -0.18239519 0.99894723 0.99922114 2 12018
1347.13580685 -0.18100635 0.99974342 1.00001755 2 12018
1347.13719570 -0.17961750 0.99923942 0.99951341 2 12018
1347.13858454 -0.17822866 0.99931022 0.99958423 2 12018
1347.13997339 -0.17683981 1.00049608 1.00077041 2 12018
1347.14136224 -0.17545096 0.99958074 0.99985482 2 12018
1347.14275108 -0.17406212 0.99945548 0.99972952 2 12018
1347.14413993 -0.17267327 0.99931285 0.99958686 2 12018
1347.14552877 -0.17128443 0.99946296 0.99973701 2 12018
1347.14691762 -0.16989558 0.99929059 0.99956459 2 12018
1347.14830647 -0.16850673 0.99934846 0.99962248 2 12018
1347.14969531 -0.16711789 0.99941504 0.99968907 2 12018
1347.15108416 -0.16572904 1.00022743 1.00050169 2 12018
1347.15247301 -0.16434019 1.00012935 1.00040359 2 12018
1347.15386185 -0.16295135 0.99903111 0.99930504 2 12018
1347.15525070 -0.16156250 0.99925027 0.99952426 2 12018
1347.15663954 -0.16017366 1.00003451 1.00030872 2 12018
1347.15802839 -0.15878481 0.99885971 0.99913360 2 12018
1347.15941724 -0.15739596 1.00048655 1.00076088 2 12018
1347.16080608 -0.15600712 0.99947106 0.99974512 2 12018
1347.16219493 -0.15461827 1.00015198 1.00042622 2 12018
1347.16358377 -0.15322943 0.99959785 0.99987194 2 12018
1347.16497262 -0.15184058 1.00047283 1.00074715 2 12018
1347.16636147 -0.15045173 0.99942572 0.99969976 2 12018
1347.16775031 -0.14906289 0.99998249 1.00025668 2 12018
1347.16913916 -0.14767404 0.99953702 0.99981109 2 12018
1347.17052800 -0.14628520 0.99981462 1.00008877 2 12018
1347.17191685 -0.14489635 1.00009039 1.00036461 2 12018
1347.17330570 -0.14350750 0.99931172 0.99958573 2 12018
1347.17469454 -0.14211866 1.00098007 1.00125453 2 12018
1347.17608339 -0.14072981 1.00009865 1.00037287 2 12018
1347.17747223 -0.13934097 0.99957362 0.99984770 2 12018
1347.17886108 -0.13795212 0.99915314 0.99942710 2 12018
1347.18024993 -0.13656327 1.00120003 1.00147455 2 12018
1347.18163877 -0.13517443 0.99967047 0.99994457 2 12018
1347.18302762 -0.13378558 0.99969530 0.99996941 2 12018
1347.18441646 -0.13239674 1.00018212 1.00045636 2 12018
1347.19552723 -0.12128597 1.00032108 1.00059537 2 12018
1347.19691608 -0.11989712 1.00068972 1.00096411 2 12018
1347.19830492 -0.11850828 1.00027371 1.00054798 2 12018
1347.19969377 -0.11711943 1.00027590 1.00055017 2 12018
1347.20108262 -0.11573058 1.00066951 1.00094389 2 12018
1347.20247146 -0.11434174 0.99995831 1.00023249 2 12018
1347.20386031 -0.11295289 0.99985270 1.00012685 2 12018
1347.20524915 -0.11156405 1.00000179 1.00027598 2 12018
1347.20663800 -0.11017520 1.00000475 1.00027895 2 12018
1347.20802685 -0.10878635 0.99995453 1.00022872 2 12018
1347.20941569 -0.10739751 0.99985114 1.00012530 2 12018
1347.21080454 -0.10600866 1.00026044 1.00053471 2 12018
1347.21219338 -0.10461982 0.99977892 1.00005306 2 12018
1347.21358223 -0.10323097 0.99922407 0.99949805 2 12018
1347.21497108 -0.10184212 1.00007603 1.00035025 2 12018
1347.21635992 -0.10045328 0.99965218 0.99992629 2 12018
1347.21774877 -0.09906443 0.99978184 1.00005598 2 12018
1347.21913761 -0.09767559 0.99979487 1.00006901 2 12018
1347.22052646 -0.09628674 1.00022463 1.00049889 2 12018
1347.22191530 -0.09489790 0.99991474 1.00018892 2 12018
1347.22330415 -0.09350905 0.99967062 0.99994473 2 12018
1347.22469300 -0.09212020 0.99979159 1.00006573 2 12018
1347.22608184 -0.09073136 0.99923052 0.99950451 2 12018
1347.22747069 -0.08934251 0.99992861 1.00020279 2 12018
1347.22885953 -0.08795367 0.99974781 1.00002194 2 12018
1347.23024838 -0.08656482 0.99898967 0.99926359 2 12018
1347.23163723 -0.08517597 0.99994875 1.00022294 2 12018
1347.23302607 -0.08378713 0.99970592 0.99998003 2 12018
1347.23441492 -0.08239828 1.00012372 1.00039795 2 12018
1347.23580376 -0.08100944 0.99999795 1.00027215 2 12018
1347.23719261 -0.07962059 0.99953204 0.99980611 2 12018
1347.23858146 -0.07823174 1.00021481 1.00048906 2 12018
1347.23997030 -0.07684290 0.99952685 0.99980091 2 12018
1347.24135915 -0.07545405 0.99941901 0.99969305 2 12018
1347.24274799 -0.07406521 0.99997688 1.00025107 2 12018
1347.24413684 -0.07267636 0.99977872 1.00005286 2 12018
1347.24552569 -0.07128751 0.99981825 1.00009240 2 12018
1347.24691453 -0.06989867 0.99951177 0.99978583 2 12018
1347.24830338 -0.06850982 0.99869506 0.99896890 2 12018
1347.24969222 -0.06712098 0.99857752 0.99885132 2 12018
1347.25108107 -0.06573213 0.99760508 0.99787862 2 12018
1347.25246991 -0.06434329 0.99742371 0.99769721 2 12018
1347.25385876 -0.06295444 0.99717686 0.99745028 2 12018
1347.25524761 -0.06156559 0.99700654 0.99727992 2 12018
1347.25663645 -0.06017675 0.99731953 0.99759299 2 12018
1347.25802530 -0.05878790 0.99764490 0.99791845 2 12018
1347.25941414 -0.05739906 0.99836299 0.99863674 2 12018
1347.26080299 -0.05601021 0.99808696 0.99836064 2 12018
1347.26219184 -0.05462136 0.99762320 0.99789674 2 12018
1347.26358068 -0.05323252 0.99772799 0.99800157 2 12018
1347.26496953 -0.05184367 0.99772215 0.99799573 2 12018
1347.26635837 -0.05045483 0.99771983 0.99799340 2 12018
1347.26774722 -0.04906598 0.99813662 0.99841031 2 12018
1347.26913607 -0.04767713 0.99929553 0.99956953 2 12018
1347.27052491 -0.04628829 0.99895152 0.99922543 2 12018
1347.27191376 -0.04489944 0.99870439 0.99897823 2 12018
1347.27330260 -0.04351060 0.99897267 0.99924659 2 12018
1347.27469145 -0.04212175 0.99864724 0.99892107 2 12018
1347.27608030 -0.04073290 0.99850667 0.99878046 2 12018
1347.27746914 -0.03934406 0.99830751 0.99858124 2 12018
1347.27885799 -0.03795521 0.99818846 0.99846216 2 12018
1347.28024683 -0.03656637 0.99715141 0.99742483 2 12018
1347.28163568 -0.03517752 0.99762122 0.99789476 2 12018
1347.28302452 -0.03378868 0.99757199 0.99784552 2 12018
1347.28441337 -0.03239983 0.99715698 0.99743040 2 12018
1347.28580222 -0.03101098 0.99742214 0.99769564 2 12018
1347.28719106 -0.02962214 0.99747122 0.99774473 2 12018
1347.28857991 -0.02823329 0.99698057 0.99725393 2 12018
1347.28996875 -0.02684445 0.99675724 0.99703055 2 12018
1347.29135760 -0.02545560 0.99647588 0.99674911 2 12018
1347.29274645 -0.02406675 0.99639067 0.99666388 2 12018
1347.29413529 -0.02267791 0.99649136 0.99676460 2 12018
1347.29552414 -0.02128906 0.99651252 0.99678576 2 12018
1347.29691298 -0.01990022 0.99654858 0.99682183 2 12018
1347.29830183 -0.01851137 0.99564760 0.99592060 2 12018
1347.29969068 -0.01712252 0.99641141 0.99668463 2 12018
1347.30107952 -0.01573368 0.99615608 0.99642922 2 12018
1347.30246837 -0.01434483 0.99613247 0.99640561 2 12018
1347.30385721 -0.01295599 0.99625391 0.99652708 2 12018
1347.30524606 -0.01156714 0.99616879 0.99644194 2 12018
1347.30663490 -0.01017830 0.99615296 0.99642610 2 12018
1347.30802375 -0.00878945 0.99636584 0.99663904 2 12018
1347.30941260 -0.00740060 0.99627686 0.99655003 2 12018
1347.31080144 -0.00601176 0.99705293 0.99732632 2 12018
1347.31219029 -0.00462291 0.99656826 0.99684151 2 12018
1347.31357913 -0.00323407 0.99653799 0.99681124 2 12018
1347.31496798 -0.00184522 0.99612351 0.99639665 2 12018
1347.31635682 -0.00045638 0.99625902 0.99653219 2 12018
1347.31774567 0.00093247 0.99661394 0.99688721 2 12018
1347.31913452 0.00232132 0.99659068 0.99686394 2 12018
1347.32191221 0.00509901 0.99588224 0.99615530 2 12018
1347.32330105 0.00648785 0.99681670 0.99709002 2 12018
1347.32468990 0.00787670 0.99668911 0.99696240 2 12018
1347.32607875 0.00926555 0.99674796 0.99702126 2 12018
1347.32746759 0.01065439 0.99641277 0.99668598 2 12018
1347.32885644 0.01204324 0.99616925 0.99644239 2 12018
1347.33024528 0.01343208 0.99631600 0.99658918 2 12018
1347.33163413 0.01482093 0.99647029 0.99674352 2 12018
1347.33302297 0.01620977 0.99682912 0.99710245 2 12018
1347.33441182 0.01759862 0.99624185 0.99651502 2 12018
1347.33580067 0.01898747 0.99661231 0.99688558 2 12018
1347.33718951 0.02037631 0.99671703 0.99699033 2 12018
1347.33857836 0.02176516 0.99684328 0.99711661 2 12018
1347.33996720 0.02315400 0.99680297 0.99707629 2 12018
1347.34135605 0.02454285 0.99691425 0.99718760 2 12018
1347.34274490 0.02593170 0.99694365 0.99721701 2 12018
1347.34413374 0.02732054 0.99678566 0.99705898 2 12018
1347.34552259 0.02870939 0.99643801 0.99671123 2 12018
1347.34691143 0.03009823 0.99664909 0.99692237 2 12018
1347.34830028 0.03148708 0.99563463 0.99590763 2 12018
1347.34968912 0.03287592 0.99629700 0.99657019 2 12018
1347.35107797 0.03426477 0.99555252 0.99582550 2 12018
1347.35246682 0.03565362 0.99626228 0.99653545 2 12018
1347.35385566 0.03704246 0.99543012 0.99570306 2 12018
1347.35524451 0.03843131 0.99605308 0.99632619 2 12018
1347.35663335 0.03982015 0.99591218 0.99618526 2 12018
1347.35802220 0.04120900 0.99600637 0.99627948 2 12018
1347.35941104 0.04259784 0.99588199 0.99615505 2 12018
1347.36079989 0.04398669 0.99597072 0.99624382 2 12018
1347.36635527 0.04954207 0.99574945 0.99602248 2 12018
1347.36774412 0.05093092 0.99591974 0.99619282 2 12018
1347.36913297 0.05231977 0.99640740 0.99668061 2 12018
1347.37052181 0.05370861 0.99649730 0.99677054 2 12018
1347.37191066 0.05509746 0.99609663 0.99636976 2 12018
1347.37329950 0.05648630 0.99617718 0.99645033 2 12018
1347.37468835 0.05787515 0.99689592 0.99716926 2 12018
1347.37607719 0.05926399 0.99683750 0.99711083 2 12018
1347.37746604 0.06065284 0.99720301 0.99747645 2 12018
1347.37885489 0.06204169 0.99739125 0.99766473 2 12018
1347.38024373 0.06343053 0.99726709 0.99754054 2 12018
1347.38163258 0.06481938 0.99642065 0.99669386 2 12018
1347.38302142 0.06620822 0.99736553 0.99763901 2 12018
1347.39135450 0.07454130 1.00021759 1.00049185 2 12018
1347.39829873 0.08148553 0.99995917 1.00023335 2 12018
1347.39968757 0.08287437 0.99947769 0.99975175 2 12018
1347.40107642 0.08426322 0.99990801 1.00018218 2 12018
1347.40246526 0.08565206 1.00000102 1.00027521 2 12018
1347.40385411 0.08704091 0.99995134 1.00022552 2 12018
1347.40524295 0.08842975 1.00004160 1.00031581 2 12018
1347.40663180 0.08981860 1.00021456 1.00048882 2 12018
1347.40802065 0.09120745 1.00077080 1.00104521 2 12018
1347.40940949 0.09259629 1.00092103 1.00119548 2 12018
1347.41079834 0.09398514 0.99998395 1.00025814 2 12018
1347.41218718 0.09537398 0.99990942 1.00018359 2 12018
1347.41357603 0.09676283 0.99962138 0.99989547 2 12018
1347.41496487 0.09815167 1.00014393 1.00041817 2 12018
1347.41635372 0.09954052 1.00088231 1.00115675 2 12018
1347.41774257 0.10092937 0.99917988 0.99945385 2 12018
1347.41913141 0.10231821 1.00046723 1.00074155 2 12018
1347.42052026 0.10370706 0.99974442 1.00001855 2 12018
1347.42190910 0.10509590 0.99940938 0.99968341 2 12018
1347.42329795 0.10648475 0.99838782 0.99866158 2 12018
1347.42468679 0.10787359 0.99928315 0.99955715 2 12018
1347.42607564 0.10926244 0.99999154 1.00026574 2 12018
1347.42746449 0.11065129 0.99840752 0.99868128 2 12018
1347.42885333 0.11204013 0.99970658 0.99998070 2 12018
1347.43024218 0.11342898 0.99965346 0.99992756 2 12018
1347.43163102 0.11481782 0.99982842 1.00010257 2 12018
1347.43301987 0.11620667 1.00089711 1.00117155 2 12018
1347.43440871 0.11759551 1.00028839 1.00056267 2 12018
1347.43579756 0.11898436 1.00029391 1.00056819 2 12018
1347.43718641 0.12037321 1.00020035 1.00047460 2 12018
1347.43857525 0.12176205 1.00031004 1.00058432 2 12018
1347.43996410 0.12315090 0.99966742 0.99994152 2 12018
1347.44135294 0.12453974 1.00021044 1.00048469 2 12018
1347.44274179 0.12592859 0.99954324 0.99981731 2 12018
1347.44413063 0.12731743 1.00058528 1.00085964 2 12018
1347.44551948 0.12870628 0.99972074 0.99999486 2 12018
1347.44690832 0.13009512 1.00013800 1.00041224 2 12018
1347.44829717 0.13148397 0.99993329 1.00020747 2 12018
1347.44968602 0.13287282 0.99836713 0.99864088 2 12018
1347.45107486 0.13426166 0.99981376 1.00008790 2 12018
1347.45246371 0.13565051 0.99935467 0.99962869 2 12018
1347.45385255 0.13703935 0.99987632 1.00015048 2 12018
1347.45524140 0.13842820 1.00054926 1.00082361 2 12018
1347.45801909 0.14120589 1.00051449 1.00078883 2 12018
1347.45940794 0.14259474 1.00134256 1.00161712 2 12018
1347.46079678 0.14398358 0.99909302 0.99936697 2 12018
1347.46218563 0.14537243 1.00046390 1.00073823 2 12018
1347.46496332 0.14815012 0.99831178 0.99858551 2 12018
1347.46774101 0.15092781 0.99912738 0.99940134 2 12018
1347.47329639 0.15648319 0.99970494 0.99997906 2 12018
1347.47746293 0.16064973 0.99972983 1.00000395 2 12018
1347.47885177 0.16203857 1.00021194 1.00048620 2 12018
1347.48024062 0.16342742 1.00031969 1.00059398 2 12018
1347.48162947 0.16481627 1.00108014 1.00135463 2 12018
1347.48301831 0.16620511 1.00136789 1.00164246 2 12018
1347.48579600 0.16898280 1.00083233 1.00110676 2 12018
1347.48996254 0.17314934 1.00075759 1.00103199 2 12018
1347.49135138 0.17453818 0.99836924 0.99864299 2 12018
1347.49274023 0.17592703 0.99901370 0.99928763 2 12018
1347.49412908 0.17731588 0.99921384 0.99948782 2 12018
1347.49829561 0.18148241 0.99892675 0.99920066 2 12018
1347.50107330 0.18426010 1.00004939 1.00032360 2 12018
1347.50246215 0.18564895 1.00013786 1.00041210 2 12018
1347.50385100 0.18703780 0.99866947 0.99894331 2 12018
1347.50801753 0.19120433 0.99947532 0.99974937 2 12018
1347.51496176 0.19814856 1.00054208 1.00081642 2 12018
1347.51912830 0.20231510 1.00056549 1.00083984 2 12018
1347.52051714 0.20370394 0.99974350 1.00001763 2 12018
1347.52190599 0.20509279 1.00043740 1.00071172 2 12018
1347.52329483 0.20648163 0.99968471 0.99995882 2 12018
1347.52468368 0.20787048 1.00006796 1.00034218 2 12018
1347.52607252 0.20925932 1.00006045 1.00033467 2 12018
1347.52746137 0.21064817 0.99983863 1.00011279 2 12018
1347.52885022 0.21203702 0.99972338 0.99999750 2 12018
1347.53023906 0.21342586 1.00059536 1.00086972 2 12018
1347.53162791 0.21481471 0.99945808 0.99973213 2 12018
1347.53301675 0.21620355 0.99919171 0.99946569 2 12018
1347.53440560 0.21759240 0.99999625 1.00027045 2 12018
1347.53579444 0.21898124 0.99924325 0.99951724 2 12018
1347.53718329 0.22037009 1.00016332 1.00043756 2 12018
1347.53857213 0.22175893 0.99906557 0.99933951 2 12018
1347.53996098 0.22314778 0.99897342 0.99924734 2 12018
1347.54134983 0.22453663 0.99946852 0.99974257 2 12018
1347.54273867 0.22592547 0.99959876 0.99987284 2 12018
1347.54412752 0.22731432 0.99972838 1.00000250 2 12018
1347.54551636 0.22870316 0.99880641 0.99908028 2 12018
1347.54690521 0.23009201 0.99931879 0.99959280 2 12018
1347.54829405 0.23148085 0.99932014 0.99959415 2 12018
1347.54968290 0.23286970 1.00015283 1.00042707 2 12018
1347.55107174 0.23425854 1.00031292 1.00058720 2 12018
1347.55246059 0.23564739 0.99938166 0.99965569 2 12018
1347.55384944 0.23703624 1.00019723 1.00047148 2 12018
2041.04527665 -0.24996775 1.00002458 1.00005638 84 272020
2041.04666557 -0.24857883 0.99952298 0.99955477 84 272020
2041.04805450 -0.24718990 0.99973103 0.99976282 84 272020
2041.04944342 -0.24580098 1.00007307 1.00010488 84 272020
2041.05083235 -0.24441205 1.00005084 1.00008265 84 272020
2041.05222127 -0.24302313 0.99958411 0.99961589 84 272020
2041.05361019 -0.24163421 1.00004143 1.00007323 84 272020
2041.05499912 -0.24024528 0.99957796 0.99960974 84 272020
2041.05638804 -0.23885636 0.99976582 0.99979762 84 272020
2041.05777697 -0.23746743 0.99945901 0.99949080 84 272020
2041.05916589 -0.23607851 0.99931837 0.99935015 84 272020
2041.06055482 -0.23468958 0.99986312 0.99989491 84 272020
2041.06194374 -0.23330066 1.00069513 1.00072696 84 272020
2041.06333267 -0.23191173 0.99918556 0.99921734 84 272020
2041.06472159 -0.23052281 0.99930710 0.99933888 84 272020
2041.06611052 -0.22913388 0.99936539 0.99939717 84 272020
2041.06749944 -0.22774496 1.00054020 1.00057202 84 272020
2041.06888837 -0.22635603 0.99965982 0.99969161 84 272020
2041.07027729 -0.22496711 0.99975672 0.99978851 84 272020
2041.07166622 -0.22357818 0.99991368 0.99994548 84 272020
2041.07305514 -0.22218926 0.99967532 0.99970711 84 272020
2041.07444407 -0.22080033 0.99982438 0.99985617 84 272020
2041.07583299 -0.21941141 0.99994903 0.99998083 84 272020
2041.07722191 -0.21802249 1.00014857 1.00018038 84 272020
2041.07861084 -0.21663356 1.00004945 1.00008125 84 272020
2041.07999976 -0.21524464 1.00047746 1.00050927 84 272020
2041.08138869 -0.21385571 0.99973669 0.99976848 84 272020
2041.08277761 -0.21246679 0.99989467 0.99992647 84 272020
2041.08416654 -0.21107786 1.00037231 1.00040412 84 272020
2041.08555546 -0.20968894 0.99956090 0.99959269 84 272020
2041.08694439 -0.20830001 0.99991389 0.99994569 84 272020
2041.08833331 -0.20691109 0.99963822 0.99967001 84 272020
2041.08972224 -0.20552216 0.99951409 0.99954588 84 272020
2041.09111116 -0.20413324 1.00015799 1.00018980 84 272020
2041.09250009 -0.20274431 1.00033694 1.00036875 84 272020
2041.09388901 -0.20135539 1.00106999 1.00110182 84 272020
2041.09527794 -0.19996646 1.00006506 1.00009686 84 272020
2041.09666686 -0.19857754 1.00115320 1.00118504 84 272020
2041.09805579 -0.19718861 1.00081377 1.00084559 84 272020
2041.09944471 -0.19579969 1.00047844 1.00051025 84 272020
2041.10083363 -0.19441077 1.00017666 1.00020847 84 272020
2041.10222256 -0.19302184 1.00008778 1.00011959 84 272020
2041.10361148 -0.19163292 1.00022503 1.00025684 84 272020
2041.10500041 -0.19024399 1.00033003 1.00036184 84 272020
2041.10638933 -0.18885507 0.99995421 0.99998601 84 272020
2041.10777826 -0.18746614 0.99995013 0.99998193 84 272020
2041.10916718 -0.18607722 1.00068988 1.00072170 84 272020
2041.11055611 -0.18468829 1.00037806 1.00040987 84 272020
2041.11194503 -0.18329937 1.00029490 1.00032671 84 272020
2041.11333396 -0.18191044 1.00047162 1.00050344 84 272020
2041.11472288 -0.18052152 1.00026985 1.00030166 84 272020
2041.11611181 -0.17913259 1.00034621 1.00037802 84 272020
2041.11750073 -0.17774367 1.00026671 1.00029852 84 272020
2041.11888966 -0.17635474 1.00061489 1.00064671 84 272020
2041.12027858 -0.17496582 1.00004516 1.00007696 84 272020
2041.12166750 -0.17357690 1.00067906 1.00071088 84 272020
2041.12305643 -0.17218797 1.00034336 1.00037518 84 272020
2041.12444535 -0.17079905 1.00112916 1.00116100 84 272020
2041.12583428 -0.16941012 1.00072939 1.00076122 84 272020
2041.12722320 -0.16802120 1.00075617 1.00078799 84 272020
2041.12861213 -0.16663227 1.00002616 1.00005796 84 272020
2041.13000105 -0.16524335 1.00022055 1.00025236 84 272020
2041.13138998 -0.16385442 0.99997628 1.00000809 84 272020
2041.13277890 -0.16246550 1.00002561 1.00005741 84 272020
2041.13416783 -0.16107657 1.00021753 1.00024934 84 272020
2041.13555675 -0.15968765 1.00016626 1.00019806 84 272020
2041.13694568 -0.15829872 0.99978189 0.99981369 84 272020
2041.13833460 -0.15690980 1.00017087 1.00020267 84 272020
2041.13972352 -0.15552088 0.99976186 0.99979365 84 272020
2041.14111245 -0.15413195 0.99966796 0.99969975 84 272020
2041.14250137 -0.15274303 1.00018465 1.00021646 84 272020
2041.14389030 -0.15135410 1.00046368 1.00049550 84 272020
2041.14527922 -0.14996518 1.00032861 1.00036042 84 272020
2041.14666815 -0.14857625 0.99993178 0.99996358 84 272020
2041.14805707 -0.14718733 0.99952727 0.99955905 84 272020
2041.14944600 -0.14579840 1.00030424 1.00033605 84 272020
2041.15083492 -0.14440948 0.99996708 0.99999888 84 272020
2041.15222385 -0.14302055 1.00008692 1.00011872 84 272020
2041.15361277 -0.14163163 1.00008571 1.00011752 84 272020
2041.15500170 -0.14024270 1.00053127 1.00056309 84 272020
2041.15639062 -0.13885378 1.00017992 1.00021173 84 272020
2041.15777954 -0.13746486 0.99986367 0.99989547 84 272020
2041.15916847 -0.13607593 0.99931889 0.99935067 84 272020
2041.16055739 -0.13468701 0.99996300 0.99999480 84 272020
2041.16194632 -0.13329808 1.00013747 1.00016928 84 272020
2041.16333524 -0.13190916 0.99971250 0.99974429 84 272020
2041.16472417 -0.13052023 0.99984397 0.99987577 84 272020
2041.16611309 -0.12913131 1.00015010 1.00018191 84 272020
2041.16750202 -0.12774238 1.00002959 1.00006139 84 272020
2041.16889094 -0.12635346 0.99975106 0.99978286 84 272020
2041.17027987 -0.12496453 0.99947701 0.99950880 84 272020
2041.17166879 -0.12357561 0.99918577 0.99921755 84 272020
2041.17305772 -0.12218668 1.00041731 1.00044913 84 272020
2041.17444664 -0.12079776 0.99996944 1.00000124 84 272020
2041.17583556 -0.11940884 0.99900635 0.99903812 84 272020
2041.17722449 -0.11801991 0.99928984 0.99932161 84 272020
2041.17861341 -0.11663099 0.99956173 0.99959352 84 272020
2041.18000234 -0.11524206 0.99986717 0.99989896 84 272020
2041.18139126 -0.11385314 0.99946753 0.99949932 84 272020
2041.18278019 -0.11246421 0.99981591 0.99984770 84 272020
2041.18416911 -0.11107529 0.99970290 0.99973469 84 272020
2041.18555804 -0.10968636 1.00016408 1.00019588 84 272020
2041.18694696 -0.10829744 0.99964274 0.99967453 84 272020
2041.18833589 -0.10690851 0.99990516 0.99993696 84 272020
2041.18972481 -0.10551959 0.99948801 0.99951980 84 272020
2041.19111373 -0.10413067 0.99985570 0.99988749 84 272020
2041.19250266 -0.10274174 0.99936311 0.99939489 84 272020
2041.19389158 -0.10135282 0.99949674 0.99952853 84 272020
2041.19528051 -0.09996389 0.99932351 0.99935529 84 272020
2041.19666943 -0.09857497 0.99944316 0.99947494 84 272020
2041.19805836 -0.09718604 0.99993030 0.99996210 84 272020
2041.19944728 -0.09579712 0.99984084 0.99987264 84 272020
2041.20083621 -0.09440819 0.99950399 0.99953578 84 272020
2041.20222513 -0.09301927 0.99961523 0.99964702 84 272020
2041.20361405 -0.09163035 0.99949991 0.99953169 84 272020
2041.20500298 -0.09024142 0.99967326 0.99970505 84 272020
2041.20639190 -0.08885250 0.99967009 0.99970189 84 272020
2041.20778083 -0.08746357 0.99940447 0.99943626 84 272020
2041.20916975 -0.08607465 0.99965121 0.99968300 84 272020
2041.21055868 -0.08468572 0.99885709 0.99888886 84 272020
2041.21194760 -0.08329680 0.99932212 0.99935390 84 272020
2041.21333653 -0.08190787 0.99856216 0.99859392 84 272020
2041.21472545 -0.08051895 0.99798938 0.99802112 84 272020
2041.21611438 -0.07913002 0.99820762 0.99823937 84 272020
2041.21750330 -0.07774110 0.99794093 0.99797266 84 272020
2041.21889222 -0.07635218 0.99764900 0.99768073 84 272020
2041.22028115 -0.07496325 0.99703309 0.99706480 84 272020
2041.22167007 -0.07357433 0.99764374 0.99767547 84 272020
2041.22305900 -0.07218540 0.99693849 0.99697020 84 272020
2041.22444792 -0.07079648 0.99693106 0.99696277 84 272020
2041.22583685 -0.06940755 0.99726712 0.99729883 84 272020
2041.22722577 -0.06801863 0.99752903 0.99756075 84 272020
2041.22861470 -0.06662970 0.99641271 0.99644440 84 272020
2041.23000362 -0.06524078 0.99636317 0.99639485 84 272020
2041.23139254 -0.06385186 0.99670555 0.99673725 84 272020
2041.23278147 -0.06246293 0.99648270 0.99651439 84 272020
2041.23417039 -0.06107401 0.99638134 0.99641303 84 272020
2041.23555932 -0.05968508 0.99644648 0.99647817 84 272020
2041.23694824 -0.05829616 0.99719945 0.99723116 84 272020
2041.23833717 -0.05690723 0.99717259 0.99720430 84 272020
2041.23972609 -0.05551831 0.99700007 0.99703178 84 272020
2041.24111502 -0.05412938 0.99730613 0.99733784 84 272020
2041.24250394 -0.05274046 0.99674131 0.99677301 84 272020
2041.24389287 -0.05135153 0.99661864 0.99665033 84 272020
2041.24528179 -0.04996261 0.99692969 0.99696139 84 272020
2041.24667071 -0.04857369 0.99627788 0.99630957 84 272020
2041.24805964 -0.04718476 0.99681451 0.99684621 84 272020
2041.24944856 -0.04579584 0.99635493 0.99638661 84 272020
2041.25083749 -0.04440691 0.99640550 0.99643719 84 272020
2041.25222641 -0.04301799 0.99627779 0.99630947 84 272020
2041.25361534 -0.04162906 0.99627497 0.99630665 84 272020
2041.25500426 -0.04024014 0.99614414 0.99617582 84 272020
2041.25639319 -0.03885121 0.99696327 0.99699498 84 272020
2041.25778211 -0.03746229 0.99674729 0.99677898 84 272020
2041.25917103 -0.03607337 0.99709710 0.99712881 84 272020
2041.26055996 -0.03468444 0.99707412 0.99710583 84 272020
2041.26194888 -0.03329552 0.99696890 0.99700061 84 272020
2041.26333781 -0.03190659 0.99664993 0.99668163 84 272020
2041.26472673 -0.03051767 0.99660093 0.99663263 84 272020
2041.26611566 -0.02912874 0.99611806 0.99614973 84 272020
2041.26750458 -0.02773982 0.99712870 0.99716041 84 272020
2041.26889351 -0.02635089 0.99689293 0.99692463 84 272020
2041.27028243 -0.02496197 0.99702852 0.99706022 84 272020
2041.27167135 -0.02357305 0.99730692 0.99733863 84 272020
2041.27306028 -0.02218412 0.99675513 0.99678683 84 272020
2041.27444920 -0.02079520 0.99734416 0.99737587 84 272020
2041.27583813 -0.01940627 0.99711203 0.99714374 84 272020
2041.27722705 -0.01801735 0.99704752 0.99707923 84 272020
2041.27861598 -0.01662842 0.99670374 0.99673544 84 272020
2041.28000490 -0.01523950 0.99666999 0.99670168 84 272020
2041.28139383 -0.01385057 0.99649989 0.99653158 84 272020
2041.28278275 -0.01246165 0.99683872 0.99687043 84 272020
2041.28417167 -0.01107273 0.99684000 0.99687170 84 272020
2041.28556060 -0.00968380 0.99674671 0.99677841 84 272020
2041.28694952 -0.00829488 0.99701422 0.99704593 84 272020
2041.28833845 -0.00690595 0.99678494 0.99681663 84 272020
2041.28972737 -0.00551703 0.99669027 0.99672196 84 272020
2041.29111630 -0.00412810 0.99634008 0.99637176 84 272020
2041.29250522 -0.00273918 0.99618208 0.99621376 84 272020
2041.29389414 -0.00135026 0.99661453 0.99664622 84 272020
2041.29528307 0.00003867 0.99697881 0.99701052 84 272020
2041.29667199 0.00142759 0.99666171 0.99669341 84 272020
2041.29806092 0.00281652 0.99619851 0.99623019 84 272020
2041.29944984 0.00420544 0.99655867 0.99659036 84 272020
2041.30083877 0.00559437 0.99755177 0.99758349 84 272020
2041.30222769 0.00698329 0.99682394 0.99685564 84 272020
2041.30361662 0.00837222 0.99674727 0.99677897 84 272020
2041.30500554 0.00976114 0.99658980 0.99662149 84 272020
2041.30639446 0.01115006 0.99668226 0.99671396 84 272020
2041.30778339 0.01253899 0.99659857 0.99663026 84 272020
2041.30917231 0.01392791 0.99654684 0.99657853 84 272020
2041.31056124 0.01531684 0.99702590 0.99705761 84 272020
2041.31195016 0.01670576 0.99630974 0.99634142 84 272020
2041.31333909 0.01809469 0.99704687 0.99707858 84 272020
2041.31472801 0.01948361 0.99649858 0.99653027 84 272020
2041.31611694 0.02087254 0.99716413 0.99719584 84 272020
2041.31750586 0.02226146 0.99726604 0.99729776 84 272020
2041.31889478 0.02365038 0.99747336 0.99750508 84 272020
2041.32028371 0.02503931 0.99703207 0.99706378 84 272020
2041.32167263 0.02642823 0.99684165 0.99687335 84 272020
2041.32306156 0.02781716 0.99681026 0.99684196 84 272020
2041.32445048 0.02920608 0.99669255 0.99672424 84 272020
2041.32583941 0.03059501 0.99619715 0.99622883 84 272020
2041.32722833 0.03198393 0.99659203 0.99662372 84 272020
2041.32861725 0.03337285 0.99654348 0.99657517 84 272020
2041.33000618 0.03476178 0.99703114 0.99706284 84 272020
2041.33139510 0.03615070 0.99687705 0.99690876 84 272020
2041.33278403 0.03753963 0.99697533 0.99700703 84 272020
2041.33417295 0.03892855 0.99677558 0.99680728 84 272020
2041.33556188 0.04031748 0.99667627 0.99670797 84 272020
2041.33695080 0.04170640 0.99701846 0.99705017 84 272020
2041.33833972 0.04309532 0.99671868 0.99675037 84 272020
2041.33972865 0.04448425 0.99705932 0.99709103 84 272020
2041.34111757 0.04587317 0.99752790 0.99755963 84 272020
2041.34250650 0.04726210 0.99738659 0.99741831 84 272020
2041.34389542 0.04865102 0.99773278 0.99776451 84 272020
2041.34528435 0.05003995 0.99777480 0.99780653 84 272020
2041.34667327 0.05142887 0.99820304 0.99823478 84 272020
2041.34806219 0.05281779 0.99804204 0.99807378 84 272020
2041.34945112 0.05420672 0.99848200 0.99851375 84 272020
2041.35084004 0.05559564 0.99902741 0.99905918 84 272020
2041.35222897 0.05698457 0.99924865 0.99928042 84 272020
2041.35361789 0.05837349 0.99996051 0.99999231 84 272020
2041.35500682 0.05976242 0.99990509 0.99993689 84 272020
2041.35639574 0.06115134 1.00041214 1.00044396 84 272020
2041.35778466 0.06254026 1.00001415 1.00004595 84 272020
2041.35917359 0.06392919 0.99973703 0.99976882 84 272020
2041.36056251 0.06531811 0.99971101 0.99974280 84 272020
2041.36195144 0.06670704 0.99992555 0.99995735 84 272020
2041.36334036 0.06809596 0.99995793 0.99998973 84 272020
2041.36472929 0.06948489 1.00003071 1.00006251 84 272020
2041.36611821 0.07087381 0.99959912 0.99963091 84 272020
2041.36750714 0.07226274 0.99947135 0.99950314 84 272020
2041.36889606 0.07365166 0.99999148 1.00002328 84 272020
2041.37028498 0.07504058 1.00214524 1.00217711 84 272020
2041.37167391 0.07642951 1.00205808 1.00208994 84 272020
2041.37306283 0.07781843 1.00079722 1.00082905 84 272020
2041.37445176 0.07920736 1.00079977 1.00083160 84 272020
2041.37584068 0.08059628 1.00050477 1.00053658 84 272020
2041.37722960 0.08198520 1.00054387 1.00057569 84 272020
2041.37861853 0.08337413 1.00036957 1.00040138 84 272020
2041.38000745 0.08476305 1.00047584 1.00050766 84 272020
2041.38139638 0.08615198 1.00064316 1.00067498 84 272020
2041.38278530 0.08754090 1.00046273 1.00049454 84 272020
2041.38417423 0.08892983 1.00055117 1.00058299 84 272020
2041.38556315 0.09031875 1.00090255 1.00093438 84 272020
2041.38695207 0.09170767 1.00089038 1.00092221 84 272020
2041.38834100 0.09309660 1.00035309 1.00038490 84 272020
2041.38972992 0.09448552 1.00070310 1.00073492 84 272020
2041.39111885 0.09587445 0.99988728 0.99991908 84 272020
2041.39250777 0.09726337 1.00048205 1.00051387 84 272020
2041.39389670 0.09865230 1.00021068 1.00024249 84 272020
2041.39528562 0.10004122 1.00048895 1.00052077 84 272020
2041.39667454 0.10143014 1.00028331 1.00031512 84 272020
2041.39806347 0.10281907 1.00006890 1.00010071 84 272020
2041.39945239 0.10420799 0.99947125 0.99950304 84 272020
2041.40084132 0.10559692 1.00086837 1.00090019 84 272020
2041.40223024 0.10698584 1.00019968 1.00023148 84 272020
2041.40361917 0.10837477 0.99974172 0.99977351 84 272020
2041.40500809 0.10976369 0.99996072 0.99999252 84 272020
2041.40639701 0.11115261 0.99955318 0.99958497 84 272020
2041.40778594 0.11254154 1.00017069 1.00020250 84 272020
2041.40917486 0.11393046 0.99985104 0.99988284 84 272020
2041.41056379 0.11531939 0.99985448 0.99988628 84 272020
2041.41195271 0.11670831 0.99994073 0.99997252 84 272020
2041.41334164 0.11809724 0.99987043 0.99990222 84 272020
2041.41473056 0.11948616 0.99968129 0.99971308 84 272020
2041.41611948 0.12087508 1.00018767 1.00021948 84 272020
2041.41750841 0.12226401 0.99963819 0.99966998 84 272020
2041.41889733 0.12365293 0.99967518 0.99970697 84 272020
2041.42028626 0.12504186 1.00013346 1.00016527 84 272020
2041.42167518 0.12643078 0.99998166 1.00001346 84 272020
2041.42306410 0.12781970 0.99999888 1.00003068 84 272020
2041.42445303 0.12920863 1.00010240 1.00013420 84 272020
2041.42584195 0.13059755 1.00019859 1.00023039 84 272020
2041.42723088 0.13198648 1.00022841 1.00026022 84 272020
2041.42861980 0.13337540 1.00000698 1.00003879 84 272020
2041.43000873 0.13476433 1.00023990 1.00027171 84 272020
2041.43139765 0.13615325 1.00004741 1.00007921 84 272020
2041.43278657 0.13754217 1.00029245 1.00032426 84 272020
2041.43417550 0.13893110 1.00041673 1.00044854 84 272020
2041.43556442 0.14032002 1.00054635 1.00057816 84 272020
2041.43695335 0.14170895 0.99992000 0.99995180 84 272020
2041.43834227 0.14309787 1.00038838 1.00042019 84 272020
2041.43973120 0.14448680 1.00016828 1.00020009 84 272020
2041.44112012 0.14587572 0.99990482 0.99993662 84 272020
2041.44250904 0.14726464 1.00041776 1.00044958 84 272020
2041.44389797 0.14865357 1.00008192 1.00011373 84 272020
2041.44528689 0.15004249 1.00020311 1.00023492 84 272020
2041.44667582 0.15143142 1.00011535 1.00014716 84 272020
2041.44806474 0.15282034 1.00007168 1.00010348 84 272020
2041.44945366 0.15420926 1.00037789 1.00040970 84 272020
2041.45084259 0.15559819 1.00024628 1.00027809 84 272020
2041.45223151 0.15698711 0.99977701 0.99980880 84 272020
2041.45362044 0.15837604 0.99996820 1.00000000 84 272020
2041.45500936 0.15976496 1.00010263 1.00013444 84 272020
2041.45639828 0.16115388 0.99952037 0.99955215 84 272020
2041.45778721 0.16254281 1.00035491 1.00038673 84 272020
2041.45917613 0.16393173 0.99993576 0.99996756 84 272020
2041.46056506 0.16532066 0.99969425 0.99972604 84 272020
2041.46195398 0.16670958 0.99976182 0.99979361 84 272020
2041.46334291 0.16809851 1.00050543 1.00053725 84 272020
2041.46473183 0.16948743 0.99990102 0.99993281 84 272020
2041.46612075 0.17087635 1.00022551 1.00025732 84 272020
2041.46750968 0.17226528 1.00038808 1.00041989 84 272020
2041.46889860 0.17365420 1.00001572 1.00004752 84 272020
2041.47028753 0.17504313 0.99958942 0.99962121 84 272020
2041.47167645 0.17643205 1.00037621 1.00040802 84 272020
2041.47306537 0.17782097 1.00007573 1.00010753 84 272020
2041.47445430 0.17920990 1.00006319 1.00009499 84 272020
2041.47584322 0.18059882 0.99979831 0.99983010 84 272020
2041.47723215 0.18198775 0.99959895 0.99963074 84 272020
2041.47862107 0.18337667 0.99957402 0.99960581 84 272020
2041.48001000 0.18476560 1.00037233 1.00040414 84 272020
2041.48139892 0.18615452 0.99994609 0.99997789 84 272020
2041.48278784 0.18754344 0.99978581 0.99981761 84 272020
2041.48417677 0.18893237 0.99976566 0.99979745 84 272020
2041.48556569 0.19032129 1.00042226 1.00045408 84 272020
2041.48695462 0.19171022 0.99978691 0.99981870 84 272020
2041.48834354 0.19309914 0.99980470 0.99983650 84 272020
2041.48973246 0.19448806 1.00000917 1.00004097 84 272020
2041.49112139 0.19587699 0.99991986 0.99995166 84 272020
2041.49251031 0.19726591 0.99949572 0.99952751 84 272020
2041.49389924 0.19865484 0.99994777 0.99997957 84 272020
2041.49528816 0.20004376 0.99992860 0.99996040 84 272020
2041.49667709 0.20143269 0.99975919 0.99979098 84 272020
2041.49806601 0.20282161 0.99992056 0.99995236 84 272020
2041.49945493 0.20421053 0.99981264 0.99984444 84 272020
2041.50084386 0.20559946 0.99998031 1.00001211 84 272020
2041.50223278 0.20698838 0.99973645 0.99976824 84 272020
2041.50362171 0.20837731 1.00011560 1.00014740 84 272020
2041.50501063 0.20976623 0.99969182 0.99972362 84 272020
2041.50639955 0.21115515 0.99990428 0.99993607 84 272020
2041.50778848 0.21254408 0.99953058 0.99956237 84 272020
2041.50917740 0.21393300 0.99967436 0.99970615 84 272020
2041.51056633 0.21532193 0.99992999 0.99996178 84 272020
2041.51195525 0.21671085 0.99968680 0.99971859 84 272020
2041.51334417 0.21809977 0.99994181 0.99997361 84 272020
2041.51473310 0.21948870 0.99992584 0.99995764 84 272020
2041.51612202 0.22087762 0.99996693 0.99999873 84 272020
2041.51751095 0.22226655 0.99950603 0.99953782 84 272020
2041.51889987 0.22365547 1.00004820 1.00008000 84 272020
2041.52028879 0.22504439 0.99931614 0.99934792 84 272020
2041.52167772 0.22643332 1.00016331 1.00019512 84 272020
2041.52306664 0.22782224 0.99987051 0.99990231 84 272020
2041.52445557 0.22921117 1.00063724 1.00066906 84 272020
2041.52584449 0.23060009 0.99986323 0.99989502 84 272020
2041.52723341 0.23198901 1.00063385 1.00066567 84 272020
2041.52862234 0.23337794 0.99974412 0.99977592 84 272020
2041.53001126 0.23476686 1.00039015 1.00042196 84 272020
2041.53140019 0.23615579 0.99983661 0.99986841 84 272020
2041.53278911 0.23754471 1.00016156 1.00019336 84 272020
2041.53417804 0.23893364 1.00068147 1.00071330 84 272020
2041.53556696 0.24032256 1.00062089 1.00065271 84 272020
2041.53695588 0.24171148 1.00013496 1.00016677 84 272020
2041.53834481 0.24310041 0.99990768 0.99993947 84 272020
2041.53973373 0.24448933 1.00017828 1.00021009 84 272020
2041.54112266 0.24587826 0.99966692 0.99969872 84 272020
2041.54251158 0.24726718 1.00011213 1.00014393 84 272020
2041.54390050 0.24865610 0.99976840 0.99980020 84 272020
2049.50934929 -0.24904671 1.00032613 1.00033902 85 272020
2049.51073819 -0.24765781 0.99970504 0.99971792 85 272020
2049.51212710 -0.24626890 1.00031231 1.00032520 85 272020
2049.51351600 -0.24488000 0.99960478 0.99961766 85 272020
2049.51490490 -0.24349110 1.00022721 1.00024010 85 272020
2049.51629381 -0.24210219 1.00037655 1.00038945 85 272020
2049.51768271 -0.24071329 1.00031329 1.00032618 85 272020
2049.51907161 -0.23932439 1.00060266 1.00061555 85 272020
2049.52046052 -0.23793548 1.00055436 1.00056725 85 272020
2049.52184942 -0.23654658 1.00022902 1.00024191 85 272020
2049.52323832 -0.23515768 1.00052023 1.00053312 85 272020
2049.52462723 -0.23376877 1.00024416 1.00025705 85 272020
2049.52601613 -0.23237987 1.00026290 1.00027579 85 272020
2049.52740503 -0.23099097 1.00045664 1.00046953 85 272020
2049.52879394 -0.22960206 0.99983223 0.99984512 85 272020
2049.53018284 -0.22821316 1.00035081 1.00036370 85 272020
2049.53157174 -0.22682426 1.00051610 1.00052900 85 272020
2049.53296065 -0.22543535 0.99966191 0.99967480 85 272020
2049.53434955 -0.22404645 0.99980020 0.99981309 85 272020
2049.53573845 -0.22265755 0.99985510 0.99986798 85 272020
2049.53712736 -0.22126864 0.99987537 0.99988826 85 272020
2049.53851626 -0.21987974 1.00024008 1.00025297 85 272020
2049.53990516 -0.21849084 1.00031555 1.00032844 85 272020
2049.54129407 -0.21710193 0.99995539 0.99996827 85 272020
2049.54268297 -0.21571303 0.99952427 0.99953715 85 272020
2049.54407187 -0.21432413 0.99966841 0.99968129 85 272020
2049.54546078 -0.21293522 0.99980892 0.99982180 85 272020
2049.54684968 -0.21154632 0.99971930 0.99973219 85 272020
2049.54823858 -0.21015742 0.99962420 0.99963708 85 272020
2049.54962749 -0.20876851 0.99987896 0.99989185 85 272020
2049.55101639 -0.20737961 0.99967092 0.99968381 85 272020
2049.55240529 -0.20599071 0.99927513 0.99928800 85 272020
2049.55379420 -0.20460180 0.99973498 0.99974786 85 272020
2049.55518310 -0.20321290 0.99994484 0.99995773 85 272020
2049.55657200 -0.20182400 0.99954605 0.99955894 85 272020
2049.55796091 -0.20043509 0.99958174 0.99959462 85 272020
2049.55934981 -0.19904619 0.99977759 0.99979047 85 272020
2049.56073871 -0.19765729 0.99974957 0.99976246 85 272020
2049.56212762 -0.19626838 1.00026972 1.00028261 85 272020
2049.56351652 -0.19487948 0.99998360 0.99999648 85 272020
2049.56490542 -0.19349058 0.99969855 0.99971144 85 272020
2049.56629433 -0.19210167 0.99991302 0.99992591 85 272020
2049.56768323 -0.19071277 0.99986460 0.99987749 85 272020
2049.56907213 -0.18932387 0.99969172 0.99970460 85 272020
2049.57046104 -0.18793496 0.99943598 0.99944886 85 272020
2049.57184994 -0.18654606 0.99975790 0.99977079 85 272020
2049.57323884 -0.18515716 1.00003623 1.00004912 85 272020
2049.57462775 -0.18376825 0.99979632 0.99980921 85 272020
2049.57601665 -0.18237935 0.99956053 0.99957342 85 272020
2049.57740555 -0.18099045 1.00028873 1.00030162 85 272020
2049.57879446 -0.17960154 0.99966730 0.99968019 85 272020
2049.58018336 -0.17821264 1.00023504 1.00024793 85 272020
2049.58157226 -0.17682374 1.00003240 1.00004529 85 272020
2049.58296117 -0.17543483 0.99970439 0.99971728 85 272020
2049.58435007 -0.17404593 0.99942714 0.99944002 85 272020
2049.58573897 -0.17265703 1.00027874 1.00029163 85 272020
2049.58712788 -0.17126812 1.00018101 1.00019390 85 272020
2049.58851678 -0.16987922 1.00016837 1.00018126 85 272020
2049.58990568 -0.16849032 0.99964115 0.99965403 85 272020
2049.59129459 -0.16710141 1.00047417 1.00048706 85 272020
2049.59268349 -0.16571251 0.99992014 0.99993302 85 272020
2049.59407239 -0.16432361 0.99970592 0.99971880 85 272020
2049.59546130 -0.16293470 1.00001972 1.00003261 85 272020
2049.59685020 -0.16154580 1.00055037 1.00056327 85 272020
2049.59823910 -0.16015690 0.99966467 0.99967756 85 272020
2049.59962801 -0.15876799 0.99985001 0.99986289 85 272020
2049.60101691 -0.15737909 1.00011328 1.00012617 85 272020
2049.60240581 -0.15599019 1.00008860 1.00010149 85 272020
2049.60379472 -0.15460128 1.00013403 1.00014692 85 272020
2049.60518362 -0.15321238 1.00024643 1.00025932 85 272020
2049.60657252 -0.15182348 0.99991587 0.99992876 85 272020
2049.60796142 -0.15043458 0.99998720 1.00000009 85 272020
2049.60935033 -0.14904567 0.99983334 0.99984622 85 272020
2049.61073923 -0.14765677 1.00012268 1.00013557 85 272020
2049.61212813 -0.14626787 1.00009993 1.00011282 85 272020
2049.61351704 -0.14487896 0.99998704 0.99999993 85 272020
2049.61490594 -0.14349006 0.99952400 0.99953688 85 272020
2049.61629484 -0.14210116 0.99997883 0.99999172 85 272020
2049.61768375 -0.14071225 0.99987468 0.99988756 85 272020
2049.61907265 -0.13932335 1.00009571 1.00010860 85 272020
2049.62046155 -0.13793445 0.99980568 0.99981857 85 272020
2049.62185046 -0.13654554 0.99992738 0.99994027 85 272020
2049.62323936 -0.13515664 1.00012351 1.00013640 85 272020
2049.62462826 -0.13376774 0.99960993 0.99962282 85 272020
2049.62601717 -0.13237883 1.00013475 1.00014764 85 272020
2049.62740607 -0.13098993 0.99999380 1.00000669 85 272020
2049.62879497 -0.12960103 1.00022507 1.00023796 85 272020
2049.63018388 -0.12821212 1.00015204 1.00016493 85 272020
2049.63157278 -0.12682322 0.99999741 1.00001030 85 272020
2049.63296168 -0.12543432 0.99998249 0.99999538 85 272020
2049.63435059 -0.12404541 0.99981872 0.99983160 85 272020
2049.63573949 -0.12265651 0.99984777 0.99986066 85 272020
2049.63712839 -0.12126761 0.99977516 0.99978804 85 272020
2049.63851729 -0.11987871 1.00029973 1.00031262 85 272020
2049.63990620 -0.11848980 0.99962059 0.99963347 85 272020
2049.64129510 -0.11710090 1.00022379 1.00023668 85 272020
2049.64268400 -0.11571200 1.00040189 1.00041478 85 272020
2049.64407291 -0.11432309 1.00021445 1.00022734 85 272020
2049.64546181 -0.11293419 1.00048871 1.00050160 85 272020
2049.64685071 -0.11154529 0.99994606 0.99995895 85 272020
2049.64823962 -0.11015638 0.99970668 0.99971956 85 272020
2049.64962852 -0.10876748 1.00007270 1.00008559 85 272020
2049.65101742 -0.10737858 1.00016474 1.00017763 85 272020
2049.65240633 -0.10598967 1.00067453 1.00068743 85 272020
2049.65379523 -0.10460077 1.00038185 1.00039474 85 272020
2049.65518413 -0.10321187 1.00009084 1.00010373 85 272020
2049.65657304 -0.10182296 1.00026499 1.00027788 85 272020
2049.65796194 -0.10043406 0.99989458 0.99990747 85 272020
2049.65935084 -0.09904516 1.00022104 1.00023393 85 272020
2049.66073974 -0.09765626 1.00030565 1.00031854 85 272020
2049.66212865 -0.09626735 1.00014831 1.00016120 85 272020
2049.66351755 -0.09487845 1.00051959 1.00053249 85 272020
2049.66490645 -0.09348955 0.99971752 0.99973040 85 272020
2049.66629536 -0.09210064 1.00015028 1.00016317 85 272020
2049.66768426 -0.09071174 1.00034425 1.00035714 85 272020
2049.66907316 -0.08932284 1.00004929 1.00006218 85 272020
2049.67046207 -0.08793393 1.00011297 1.00012586 85 272020
2049.67185097 -0.08654503 1.00023949 1.00025238 85 272020
2049.67323987 -0.08515613 1.00019493 1.00020782 85 272020
2049.67462878 -0.08376722 0.99988151 0.99989439 85 272020
2049.67601768 -0.08237832 0.99981885 0.99983173 85 272020
2049.67740658 -0.08098942 0.99884316 0.99885603 85 272020
2049.67879548 -0.07960052 0.99869155 0.99870442 85 272020
2049.68018439 -0.07821161 0.99783621 0.99784907 85 272020
2049.68157329 -0.07682271 0.99872604 0.99873891 85 272020
2049.68296219 -0.07543381 0.99719016 0.99720301 85 272020
2049.68435110 -0.07404490 0.99779857 0.99781143 85 272020
2049.68574000 -0.07265600 0.99780655 0.99781941 85 272020
2049.68712890 -0.07126710 0.99807542 0.99808828 85 272020
2049.68851781 -0.06987819 0.99743904 0.99745190 85 272020
2049.68990671 -0.06848929 0.99752666 0.99753951 85 272020
2049.69129561 -0.06710039 0.99758549 0.99759835 85 272020
2049.69268451 -0.06571149 0.99716999 0.99718284 85 272020
2049.69407342 -0.06432258 0.99707839 0.99709124 85 272020
2049.69546232 -0.06293368 0.99688217 0.99689501 85 272020
2049.69685122 -0.06154478 0.99760454 0.99761739 85 272020
2049.69824013 -0.06015587 0.99730701 0.99731987 85 272020
2049.69962903 -0.05876697 0.99729429 0.99730714 85 272020
2049.70101793 -0.05737807 0.99665252 0.99666536 85 272020
2049.70240684 -0.05598916 0.99733459 0.99734744 85 272020
2049.70379574 -0.05460026 0.99694640 0.99695925 85 272020
2049.70518464 -0.05321136 0.99678570 0.99679855 85 272020
2049.70657354 -0.05182246 0.99740317 0.99741602 85 272020
2049.70796245 -0.05043355 0.99705518 0.99706803 85 272020
2049.70935135 -0.04904465 0.99710004 0.99711289 85 272020
2049.71074025 -0.04765575 0.99723748 0.99725034 85 272020
2049.71212916 -0.04626684 0.99676110 0.99677394 85 272020
2049.71351806 -0.04487794 0.99724009 0.99725294 85 272020
2049.71490696 -0.04348904 0.99720385 0.99721670 85 272020
2049.71629587 -0.04210013 0.99691377 0.99692661 85 272020
2049.71768477 -0.04071123 0.99634313 0.99635597 85 272020
2049.71907367 -0.03932233 0.99644733 0.99646017 85 272020
2049.72046257 -0.03793343 0.99663432 0.99664717 85 272020
2049.72185148 -0.03654452 0.99638557 0.99639841 85 272020
2049.72324038 -0.03515562 0.99744521 0.99745807 85 272020
2049.72462928 -0.03376672 0.99728550 0.99729835 85 272020
2049.72601819 -0.03237781 0.99718698 0.99719984 85 272020
2049.72740709 -0.03098891 0.99743449 0.99744734 85 272020
2049.72879599 -0.02960001 0.99692412 0.99693697 85 272020
2049.73018490 -0.02821110 0.99729076 0.99730361 85 272020
2049.73157380 -0.02682220 0.99717979 0.99719264 85 272020
2049.73296270 -0.02543330 0.99688151 0.99689436 85 272020
2049.73435160 -0.02404440 0.99636337 0.99637621 85 272020
2049.73574051 -0.02265549 0.99628469 0.99629753 85 272020
2049.73712941 -0.02126659 0.99936488 0.99937776 85 272020
2049.73851831 -0.01987769 1.00304339 1.00305632 85 272020
2049.73990722 -0.01848878 1.00028483 1.00029772 85 272020
2049.74129612 -0.01709988 0.99913292 0.99914580 85 272020
2049.74268502 -0.01571098 0.99876827 0.99878114 85 272020
2049.74407392 -0.01432208 0.99831315 0.99832601 85 272020
2049.74546283 -0.01293317 0.99802238 0.99803524 85 272020
2049.74685173 -0.01154427 0.99800223 0.99801509 85 272020
2049.74824063 -0.01015537 0.99735367 0.99736652 85 272020
2049.74962954 -0.00876646 0.99768367 0.99769653 85 272020
2049.75101844 -0.00737756 0.99710840 0.99712125 85 272020
2049.75240734 -0.00598866 0.99700595 0.99701880 85 272020
2049.75379625 -0.00459975 0.99869161 0.99870448 85 272020
2049.75518515 -0.00321085 0.99854193 0.99855480 85 272020
2049.75657405 -0.00182195 0.99773153 0.99774438 85 272020
2049.75796295 -0.00043305 0.99742065 0.99743350 85 272020
2049.75935186 0.00095586 0.99730188 0.99731473 85 272020
2049.76074076 0.00234476 0.99755010 0.99756296 85 272020
2049.76212966 0.00373366 0.99783223 0.99784509 85 272020
2049.76351857 0.00512257 0.99776957 0.99778243 85 272020
2049.76490747 0.00651147 0.99723975 0.99725260 85 272020
2049.76629637 0.00790037 0.99730931 0.99732216 85 272020
2049.76768527 0.00928927 0.99784654 0.99785940 85 272020
2049.76907418 0.01067818 0.99728661 0.99729947 85 272020
2049.77046308 0.01206708 0.99739327 0.99740613 85 272020
2049.77185198 0.01345598 0.99718222 0.99719507 85 272020
2049.77324089 0.01484489 0.99731902 0.99733187 85 272020
2049.77462979 0.01623379 0.99766041 0.99767327 85 272020
2049.77601869 0.01762269 0.99777509 0.99778794 85 272020
2049.77740759 0.01901159 0.99736252 0.99737537 85 272020
2049.77879650 0.02040050 0.99741903 0.99743188 85 272020
2049.78018540 0.02178940 0.99761141 0.99762427 85 272020
2049.78157430 0.02317830 0.99684128 0.99685413 85 272020
2049.78296321 0.02456721 0.99706195 0.99707480 85 272020
2049.78435211 0.02595611 0.99766431 0.99767716 85 272020
2049.78574101 0.02734501 0.99751835 0.99753120 85 272020
2049.78712991 0.02873391 0.99743442 0.99744727 85 272020
2049.78851882 0.03012282 0.99729924 0.99731209 85 272020
2049.78990772 0.03151172 0.99728594 0.99729880 85 272020
2049.79129662 0.03290062 0.99805801 0.99807088 85 272020
2049.79268553 0.03428953 0.99729298 0.99730583 85 272020
2049.79407443 0.03567843 0.99728274 0.99729559 85 272020
2049.79546333 0.03706733 0.99733512 0.99734798 85 272020
2049.79685223 0.03845623 0.99824171 0.99825458 85 272020
2049.79824114 0.03984514 0.99756592 0.99757877 85 272020
2049.79963004 0.04123404 0.99771726 0.99773012 85 272020
2049.80101894 0.04262294 0.99783148 0.99784434 85 272020
2049.80240784 0.04401184 0.99825310 0.99826596 85 272020
2049.80379675 0.04540075 0.99768428 0.99769714 85 272020
2049.80518565 0.04678965 0.99753358 0.99754643 85 272020
2049.80657455 0.04817855 0.99800925 0.99802211 85 272020
2049.80796346 0.04956746 0.99739204 0.99740490 85 272020
2049.80935236 0.05095636 0.99778250 0.99779536 85 272020
2049.81074126 0.05234526 0.99779748 0.99781034 85 272020
2049.81213016 0.05373416 0.99922231 0.99923519 85 272020
2049.81351907 0.05512307 0.99889949 0.99891236 85 272020
2049.81490797 0.05651197 0.99879785 0.99881072 85 272020
2049.81629687 0.05790087 1.00020759 1.00022048 85 272020
2049.81768577 0.05928977 1.00002505 1.00003794 85 272020
2049.81907468 0.06067868 1.00005974 1.00007263 85 272020
2049.82046358 0.06206758 0.99999396 1.00000684 85 272020
2049.82185248 0.06345648 0.99945420 0.99946708 85 272020
2049.82324139 0.06484539 1.00034233 1.00035522 85 272020
2049.82463029 0.06623429 0.99944980 0.99946268 85 272020
2049.82601919 0.06762319 1.00001342 1.00002631 85 272020
2049.82740809 0.06901209 1.00010866 1.00012155 85 272020
2049.82879700 0.07040100 0.99969644 0.99970932 85 272020
2049.83018590 0.07178990 0.99956458 0.99957746 85 272020
2049.83157480 0.07317880 0.99983246 0.99984535 85 272020
2049.83296371 0.07456771 0.99950932 0.99952220 85 272020
2049.83435261 0.07595661 1.00007075 1.00008364 85 272020
2049.83574151 0.07734551 0.99952062 0.99953350 85 272020
2049.83713041 0.07873441 0.99970524 0.99971813 85 272020
2049.83851932 0.08012332 0.99982509 0.99983798 85 272020
2049.83990822 0.08151222 1.00021822 1.00023111 85 272020
2049.84129712 0.08290112 0.99991107 0.99992396 85 272020
2049.84268602 0.08429002 0.99987148 0.99988436 85 272020
2049.84407493 0.08567893 1.00029608 1.00030897 85 272020
2049.84546383 0.08706783 0.99982539 0.99983828 85 272020
2049.84685273 0.08845673 0.99982917 0.99984206 85 272020
2049.84824163 0.08984563 1.00010122 1.00011411 85 272020
2049.84963054 0.09123454 1.00023673 1.00024962 85 272020
2049.85101944 0.09262344 0.99995853 0.99997142 85 272020
2049.85240834 0.09401234 1.00011666 1.00012955 85 272020
2049.85379725 0.09540125 1.00020943 1.00022232 85 272020
2049.85518615 0.09679015 1.00000692 1.00001981 85 272020
2049.85657505 0.09817905 1.00015908 1.00017197 85 272020
2049.85796395 0.09956795 1.00010173 1.00011462 85 272020
2049.85935286 0.10095686 1.00019645 1.00020934 85 272020
2049.86074176 0.10234576 1.00008821 1.00010109 85 272020
2049.86213066 0.10373466 0.99997645 0.99998933 85 272020
2049.86351956 0.10512356 0.99986199 0.99987488 85 272020
2049.86490847 0.10651247 1.00015498 1.00016787 85 272020
2049.86629737 0.10790137 0.99974324 0.99975612 85 272020
2049.86768627 0.10929027 1.00004229 1.00005518 85 272020
2049.86907518 0.11067918 1.00024797 1.00026086 85 272020
2049.87046408 0.11206808 0.99965188 0.99966477 85 272020
2049.87185298 0.11345698 0.99999319 1.00000608 85 272020
2049.87324188 0.11484588 0.99982032 0.99983321 85 272020
2049.87463079 0.11623479 0.99996973 0.99998262 85 272020
2049.87601969 0.11762369 0.99980175 0.99981464 85 272020
2049.87740859 0.11901259 1.00043197 1.00044487 85 272020
2049.87879749 0.12040149 0.99996189 0.99997477 85 272020
2049.88018640 0.12179040 1.00005153 1.00006442 85 272020
2049.88157530 0.12317930 0.99966804 0.99968092 85 272020
2049.88296420 0.12456820 0.99994679 0.99995968 85 272020
2049.88435310 0.12595710 1.00012971 1.00014260 85 272020
2049.88574201 0.12734601 0.99997816 0.99999105 85 272020
2049.88713091 0.12873491 0.99989246 0.99990535 85 272020
2049.88851981 0.13012381 0.99997370 0.99998659 85 272020
2049.88990872 0.13151272 0.99971742 0.99973031 85 272020
2049.89129762 0.13290162 1.00015978 1.00017267 85 272020
2049.89268652 0.13429052 0.99996363 0.99997652 85 272020
2049.89407542 0.13567942 0.99958102 0.99959390 85 272020
2049.89546433 0.13706833 0.99989929 0.99991217 85 272020
2049.89685323 0.13845723 0.99988796 0.99990085 85 272020
2049.89824213 0.13984613 1.00052385 1.00053674 85 272020
2049.89963103 0.14123503 0.99975743 0.99977031 85 272020
2049.90101994 0.14262394 0.99998747 1.00000035 85 272020
2049.90240884 0.14401284 1.00025442 1.00026731 85 272020
2049.90379774 0.14540174 0.99965518 0.99966806 85 272020
2049.90518664 0.14679064 0.99999315 1.00000604 85 272020
2049.90657555 0.14817955 1.00030661 1.00031950 85 272020
2049.90796445 0.14956845 1.00000631 1.00001920 85 272020
2049.90935335 0.15095735 0.99983995 0.99985284 85 272020
2049.91074225 0.15234625 1.00035596 1.00036885 85 272020
2049.91213116 0.15373516 1.00016229 1.00017518 85 272020
2049.91352006 0.15512406 1.00013598 1.00014887 85 272020
2049.91490896 0.15651296 1.00003049 1.00004338 85 272020
2049.91629786 0.15790186 1.00002475 1.00003763 85 272020
2049.91768677 0.15929077 1.00014060 1.00015349 85 272020
2049.91907567 0.16067967 0.99988727 0.99990015 85 272020
2049.92046457 0.16206857 0.99995759 0.99997048 85 272020
2049.92185347 0.16345747 0.99970731 0.99972019 85 272020
2049.92324238 0.16484638 0.99986830 0.99988118 85 272020
2049.92463128 0.16623528 1.00003889 1.00005177 85 272020
2049.92602018 0.16762418 0.99998615 0.99999904 85 272020
2049.92740908 0.16901308 0.99986883 0.99988171 85 272020
2049.92879799 0.17040199 0.99986634 0.99987923 85 272020
2049.93018689 0.17179089 0.99985278 0.99986566 85 272020
2049.93157579 0.17317979 0.99999635 1.00000924 85 272020
2049.93296469 0.17456869 1.00048681 1.00049971 85 272020
2049.93435360 0.17595760 0.99953271 0.99954559 85 272020
2049.93574250 0.17734650 0.99995510 0.99996798 85 272020
2049.93713140 0.17873540 1.00005120 1.00006409 85 272020
2049.93852030 0.18012430 0.99984133 0.99985421 85 272020
2049.93990921 0.18151321 0.99948412 0.99949700 85 272020
2049.94129811 0.18290211 1.00049622 1.00050912 85 272020
2049.94268701 0.18429101 0.99962597 0.99963885 85 272020
2049.94407592 0.18567992 1.00030806 1.00032096 85 272020
2049.94546482 0.18706882 1.00034962 1.00036251 85 272020
2049.94685372 0.18845772 1.00034608 1.00035898 85 272020
2049.94824262 0.18984662 0.99970789 0.99972078 85 272020
2049.94963153 0.19123553 0.99963274 0.99964563 85 272020
2049.95102043 0.19262443 1.00011449 1.00012738 85 272020
2049.95240933 0.19401333 0.99995665 0.99996953 85 272020
2049.95379823 0.19540223 0.99994888 0.99996177 85 272020
2049.95518714 0.19679114 0.99940385 0.99941673 85 272020
2049.95657604 0.19818004 1.00011845 1.00013134 85 272020
2049.95796494 0.19956894 0.99981001 0.99982290 85 272020
2049.95935384 0.20095784 1.00000280 1.00001569 85 272020
2049.96074275 0.20234675 0.99987008 0.99988297 85 272020
2049.96213165 0.20373565 0.99998718 1.00000007 85 272020
2049.96352055 0.20512455 1.00005569 1.00006858 85 272020
2049.96490945 0.20651345 1.00035979 1.00037268 85 272020
2049.96629835 0.20790235 0.99969500 0.99970789 85 272020
2049.96768726 0.20929126 1.00001611 1.00002900 85 272020
2049.96907616 0.21068016 0.99996267 0.99997556 85 272020
2049.97046506 0.21206906 1.00011317 1.00012606 85 272020
2049.97185396 0.21345796 0.99984219 0.99985508 85 272020
2049.97324287 0.21484687 0.99994118 0.99995407 85 272020
2049.97463177 0.21623577 0.99972906 0.99974194 85 272020
2049.97602067 0.21762467 0.99986436 0.99987724 85 272020
2049.97740957 0.21901357 1.00030210 1.00031499 85 272020
2049.97879848 0.22040248 0.99958452 0.99959740 85 272020
2049.98018738 0.22179138 1.00017250 1.00018539 85 272020
2049.98157628 0.22318028 1.00006318 1.00007607 85 272020
2049.98296518 0.22456918 0.99973635 0.99974923 85 272020
2049.98435409 0.22595809 1.00004870 1.00006159 85 272020
2049.98574299 0.22734699 1.00028766 1.00030055 85 272020
2049.98713189 0.22873589 1.00020279 1.00021568 85 272020
2049.98852079 0.23012479 0.99970083 0.99971371 85 272020
2049.98990970 0.23151370 0.99977099 0.99978387 85 272020
2049.99129860 0.23290260 0.99971392 0.99972680 85 272020
2049.99268750 0.23429150 1.00072598 1.00073888 85 272020
2049.99407640 0.23568040 1.00019240 1.00020529 85 272020
2049.99546531 0.23706931 1.00040242 1.00041531 85 272020
2049.99685421 0.23845821 1.00033650 1.00034939 85 272020
2049.99824311 0.23984711 0.99996909 0.99998198 85 272020
2049.99963201 0.24123601 0.99990872 0.99992161 85 272020
2050.00102092 0.24262492 1.00031502 1.00032791 85 272020
2050.00240982 0.24401382 1.00007055 1.00008344 85 272020
2050.00379872 0.24540272 1.00001801 1.00003090 85 272020
2050.00518762 0.24679162 1.00038316 1.00039605 85 272020
2050.00657653 0.24818053 0.99965991 0.99967279 85 272020
2050.00796543 0.24956943 0.99985569 0.99986858 85 272020
2057.97189650 -0.24965110 1.00057816 1.00055438 86 272020
2057.97328539 -0.24826221 1.00055990 1.00053612 86 272020
2057.97467428 -0.24687332 1.00021602 1.00019225 86 272020
2057.97606317 -0.24548443 0.99972581 0.99970205 86 272020
2057.97745206 -0.24409554 0.99993252 0.99990875 86 272020
2057.97884096 -0.24270664 0.99994391 0.99992014 86 272020
2057.98022985 -0.24131775 1.00014436 1.00012058 86 272020
2057.98161874 -0.23992886 1.00001748 0.99999370 86 272020
2057.98300763 -0.23853997 1.00025403 1.00023025 86 272020
2057.98439652 -0.23715108 0.99997614 0.99995237 86 272020
2057.98578541 -0.23576219 0.99963537 0.99961160 86 272020
2057.98717430 -0.23437330 1.00014583 1.00012205 86 272020
2057.98856319 -0.23298441 0.99997965 0.99995588 86 272020
2057.98995208 -0.23159552 0.99921796 0.99919421 86 272020
2057.99134097 -0.23020663 1.00031158 1.00028780 86 272020
2057.99272986 -0.22881774 1.00000991 0.99998614 86 272020
2057.99411875 -0.22742885 1.00021910 1.00019532 86 272020
2057.99550764 -0.22603996 1.00088352 1.00085973 86 272020
2057.99689653 -0.22465107 1.00053013 1.00050635 86 272020
2057.99828542 -0.22326218 1.00025034 1.00022656 86 272020
2057.99967431 -0.22187329 1.00033626 1.00031248 86 272020
2058.00106321 -0.22048439 1.00036235 1.00033857 86 272020
2058.00245210 -0.21909550 1.00061887 1.00059508 86 272020
2058.00384099 -0.21770661 0.99981805 0.99979428 86 272020
2058.00522988 -0.21631772 0.99974786 0.99972410 86 272020
2058.00661877 -0.21492883 1.00000578 0.99998200 86 272020
2058.00800766 -0.21353994 0.99987472 0.99985095 86 272020
2058.00939655 -0.21215105 1.00019750 1.00017372 86 272020
2058.01078544 -0.21076216 0.99987741 0.99985364 86 272020
2058.01217433 -0.20937327 1.00001221 0.99998843 86 272020
2058.01356322 -0.20798438 0.99993752 0.99991375 86 272020
2058.01495211 -0.20659549 0.99962999 0.99960622 86 272020
2058.01634100 -0.20520660 0.99968017 0.99965641 86 272020
2058.01772989 -0.20381771 0.99972479 0.99970102 86 272020
2058.01911878 -0.20242882 0.99992321 0.99989944 86 272020
2058.02050767 -0.20103993 0.99980577 0.99978200 86 272020
2058.02189656 -0.19965104 0.99953308 0.99950932 86 272020
2058.02328546 -0.19826214 0.99943663 0.99941287 86 272020
2058.02467435 -0.19687325 1.00015921 1.00013543 86 272020
2058.02606324 -0.19548436 0.99939870 0.99937494 86 272020
2058.02745213 -0.19409547 0.99942038 0.99939662 86 272020
2058.02884102 -0.19270658 1.00018055 1.00015677 86 272020
2058.03022991 -0.19131769 0.99942574 0.99940198 86 272020
2058.03161880 -0.18992880 0.99947004 0.99944628 86 272020
2058.03300769 -0.18853991 0.99941484 0.99939108 86 272020
2058.03439658 -0.18715102 0.99979509 0.99977132 86 272020
2058.03578547 -0.18576213 1.00053471 1.00051092 86 272020
2058.03717436 -0.18437324 0.99975851 0.99973474 86 272020
2058.03856325 -0.18298435 0.99999418 0.99997041 86 272020
2058.03995214 -0.18159546 1.00019772 1.00017395 86 272020
2058.04134103 -0.18020657 0.99985452 0.99983075 86 272020
2058.04272992 -0.17881768 0.99962400 0.99960024 86 272020
2058.04411881 -0.17742879 0.99972187 0.99969810 86 272020
2058.04550770 -0.17603990 1.00000533 0.99998156 86 272020
2058.04689660 -0.17465100 1.00021794 1.00019416 86 272020
2058.04828549 -0.17326211 1.00029710 1.00027332 86 272020
2058.04967438 -0.17187322 0.99972557 0.99970180 86 272020
2058.05106327 -0.17048433 1.00016271 1.00013893 86 272020
2058.05245216 -0.16909544 0.99928998 0.99926623 86 272020
2058.05384105 -0.16770655 0.99949015 0.99946639 86 272020
2058.05522994 -0.16631766 1.00015835 1.00013458 86 272020
2058.05661883 -0.16492877 0.99976549 0.99974172 86 272020
2058.05800772 -0.16353988 0.99945493 0.99943117 86 272020
2058.05939661 -0.16215099 0.99913672 0.99911296 86 272020
2058.06078550 -0.16076210 0.99991951 0.99989574 86 272020
2058.06217439 -0.15937321 0.99942557 0.99940181 86 272020
2058.06356328 -0.15798432 0.99972094 0.99969717 86 272020
2058.06495217 -0.15659543 0.99906254 0.99903878 86 272020
2058.06634106 -0.15520654 0.99879439 0.99877064 86 272020
2058.06772995 -0.15381765 0.99916721 0.99914346 86 272020
2058.06911884 -0.15242876 0.99948724 0.99946348 86 272020
2058.07050773 -0.15103987 1.00064856 1.00062477 86 272020
2058.07189663 -0.14965097 1.00123921 1.00121541 86 272020
2058.07328552 -0.14826208 1.00101114 1.00098734 86 272020
2058.07467441 -0.14687319 1.00083176 1.00080797 86 272020
2058.07606330 -0.14548430 1.00151166 1.00148785 86 272020
2058.07745219 -0.14409541 1.00041186 1.00038808 86 272020
2058.07884108 -0.14270652 1.00056103 1.00053724 86 272020
2058.08022997 -0.14131763 1.00073467 1.00071088 86 272020
2058.08161886 -0.13992874 1.00027983 1.00025605 86 272020
2058.08300775 -0.13853985 1.00050745 1.00048367 86 272020
2058.08439664 -0.13715096 1.00033262 1.00030884 86 272020
2058.08578553 -0.13576207 1.00021795 1.00019417 86 272020
2058.08717442 -0.13437318 1.00043650 1.00041272 86 272020
2058.08856331 -0.13298429 1.00002640 1.00000262 86 272020
2058.08995220 -0.13159540 1.00079421 1.00077042 86 272020
2058.09134109 -0.13020651 1.00020058 1.00017680 86 272020
2058.09272998 -0.12881762 1.00016184 1.00013806 86 272020
2058.09411887 -0.12742873 0.99980088 0.99977711 86 272020
2058.09550776 -0.12603984 1.00004921 1.00002543 86 272020
2058.09689665 -0.12465095 0.99976112 0.99973735 86 272020
2058.09828555 -0.12326205 1.00005624 1.00003246 86 272020
2058.09967444 -0.12187316 1.00017388 1.00015010 86 272020
2058.10106333 -0.12048427 1.00074675 1.00072295 86 272020
2058.10245222 -0.11909538 0.99985131 0.99982754 86 272020
2058.10384111 -0.11770649 1.00023683 1.00021306 86 272020
2058.10523000 -0.11631760 0.99970019 0.99967642 86 272020
2058.10661889 -0.11492871 1.00027488 1.00025110 86 272020
2058.10800778 -0.11353982 1.00004125 1.00001748 86 272020
2058.10939667 -0.11215093 1.00068176 1.00065797 86 272020
2058.11078556 -0.11076204 1.00013686 1.00011308 86 272020
2058.11217445 -0.10937315 1.00022473 1.00020096 86 272020
2058.11356334 -0.10798426 1.00044487 1.00042109 86 272020
2058.11495223 -0.10659537 0.99974811 0.99972434 86 272020
2058.11634112 -0.10520648 1.00018134 1.00015756 86 272020
2058.11773001 -0.10381759 0.99961142 0.99958765 86 272020
2058.11911890 -0.10242870 0.99967266 0.99964890 86 272020
2058.12050779 -0.10103981 0.99926689 0.99924313 86 272020
2058.12189668 -0.09965092 0.99977450 0.99975074 86 272020
2058.12328557 -0.09826203 0.99925934 0.99923558 86 272020
2058.12467447 -0.09687313 0.99951428 0.99949052 86 272020
2058.12606336 -0.09548424 0.99926594 0.99924219 86 272020
2058.12745225 -0.09409535 0.99879078 0.99876703 86 272020
2058.12884114 -0.09270646 0.99981574 0.99979197 86 272020
2058.13023003 -0.09131757 0.99991609 0.99989232 86 272020
2058.13161892 -0.08992868 0.99973858 0.99971481 86 272020
2058.13300781 -0.08853979 0.99921772 0.99919396 86 272020
2058.13439670 -0.08715090 0.99983623 0.99981246 86 272020
2058.13578559 -0.08576201 0.99976160 0.99973784 86 272020
2058.13717448 -0.08437312 0.99888745 0.99886370 86 272020
2058.13856337 -0.08298423 0.99959997 0.99957621 86 272020
2058.13995226 -0.08159534 0.99902233 0.99899858 86 272020
2058.14134115 -0.08020645 0.99770773 0.99768401 86 272020
2058.14273004 -0.07881756 0.99753376 0.99751005 86 272020
2058.14411893 -0.07742867 0.99672116 0.99669746 86 272020
2058.14550782 -0.07603978 0.99737998 0.99735627 86 272020
2058.14689671 -0.07465089 0.99684237 0.99681867 86 272020
2058.14828560 -0.07326200 0.99690713 0.99688343 86 272020
2058.14967449 -0.07187311 0.99701932 0.99699562 86 272020
2058.15106338 -0.07048422 0.99626815 0.99624447 86 272020
2058.15245227 -0.06909533 0.99666317 0.99663948 86 272020
2058.15384117 -0.06770643 0.99625674 0.99623306 86 272020
2058.15523006 -0.06631754 0.99716301 0.99713931 86 272020
2058.15661895 -0.06492865 0.99693316 0.99690946 86 272020
2058.15800784 -0.06353976 0.99687046 0.99684676 86 272020
2058.15939673 -0.06215087 0.99653681 0.99651312 86 272020
2058.16078562 -0.06076198 0.99636602 0.99634233 86 272020
2058.16217451 -0.05937309 0.99627531 0.99625162 86 272020
2058.16356340 -0.05798420 0.99619324 0.99616955 86 272020
2058.16495229 -0.05659531 0.99652983 0.99650614 86 272020
2058.16634118 -0.05520642 0.99597811 0.99595443 86 272020
2058.16773007 -0.05381753 0.99607156 0.99604788 86 272020
2058.16911896 -0.05242864 0.99603682 0.99601315 86 272020
2058.17050785 -0.05103975 0.99615596 0.99613228 86 272020
2058.17189674 -0.04965086 0.99624346 0.99621978 86 272020
2058.17328563 -0.04826197 0.99619980 0.99617611 86 272020
2058.17467452 -0.04687308 0.99615701 0.99613333 86 272020
2058.17606341 -0.04548419 0.99618438 0.99616070 86 272020
2058.17745230 -0.04409530 0.99609951 0.99607583 86 272020
2058.17884119 -0.04270641 0.99623162 0.99620794 86 272020
2058.18023008 -0.04131752 0.99628114 0.99625746 86 272020
2058.18161897 -0.03992863 0.99629414 0.99627045 86 272020
2058.18300787 -0.03853973 0.99628176 0.99625807 86 272020
2058.18439676 -0.03715084 0.99665608 0.99663238 86 272020
2058.18578565 -0.03576195 0.99633422 0.99631054 86 272020
2058.18717454 -0.03437306 0.99651157 0.99648788 86 272020
2058.18856343 -0.03298417 0.99620075 0.99617706 86 272020
2058.18995232 -0.03159528 0.99643229 0.99640860 86 272020
2058.19134121 -0.03020639 0.99596766 0.99594399 86 272020
2058.19273010 -0.02881750 0.99611900 0.99609532 86 272020
2058.19411899 -0.02742861 0.99630057 0.99627688 86 272020
2058.19550788 -0.02603972 0.99584452 0.99582084 86 272020
2058.19689677 -0.02465083 0.99617696 0.99615328 86 272020
2058.19828566 -0.02326194 0.99602856 0.99600489 86 272020
2058.19967455 -0.02187305 0.99554948 0.99552581 86 272020
2058.20106344 -0.02048416 0.99614246 0.99611878 86 272020
2058.20245233 -0.01909527 0.99631832 0.99629463 86 272020
2058.20384122 -0.01770638 0.99610784 0.99608416 86 272020
2058.20523011 -0.01631749 0.99587977 0.99585609 86 272020
2058.20661900 -0.01492860 0.99598753 0.99596385 86 272020
2058.20800789 -0.01353971 0.99574930 0.99572563 86 272020
2058.20939678 -0.01215082 0.99566940 0.99564573 86 272020
2058.21078567 -0.01076193 0.99579400 0.99577032 86 272020
2058.21217456 -0.00937304 0.99591798 0.99589430 86 272020
2058.21356345 -0.00798415 0.99545583 0.99543217 86 272020
2058.21495234 -0.00659526 0.99555725 0.99553358 86 272020
2058.21634124 -0.00520636 0.99505216 0.99502850 86 272020
2058.21773013 -0.00381747 0.99570182 0.99567815 86 272020
2058.21911902 -0.00242858 0.99567807 0.99565440 86 272020
2058.22050791 -0.00103969 0.99608813 0.99606445 86 272020
2058.22189680 0.00034920 0.99598349 0.99595981 86 272020
2058.22328569 0.00173809 0.99584807 0.99582439 86 272020
2058.22467458 0.00312698 0.99589671 0.99587304 86 272020
2058.22606347 0.00451587 0.99582668 0.99580301 86 272020
2058.22745236 0.00590476 0.99559923 0.99557556 86 272020
2058.22884125 0.00729365 0.99546156 0.99543790 86 272020
2058.23023014 0.00868254 0.99572546 0.99570179 86 272020
2058.23161903 0.01007143 0.99584105 0.99581738 86 272020
2058.23300792 0.01146032 0.99656292 0.99653923 86 272020
2058.23439681 0.01284921 0.99646866 0.99644497 86 272020
2058.23578570 0.01423810 0.99691240 0.99688870 86 272020
2058.23717459 0.01562699 0.99873904 0.99871530 86 272020
2058.23856348 0.01701588 1.00108757 1.00106377 86 272020
2058.23995237 0.01840477 1.00112578 1.00110198 86 272020
2058.24134126 0.01979366 1.00430080 1.00427693 86 272020
2058.24273015 0.02118255 1.00389050 1.00386663 86 272020
2058.24411904 0.02257144 1.00187543 1.00185161 86 272020
2058.24550793 0.02396033 1.00183869 1.00181487 86 272020
2058.24689682 0.02534922 1.00108771 1.00106391 86 272020
2058.24828571 0.02673811 1.00026897 1.00024519 86 272020
2058.24967461 0.02812701 1.00050505 1.00048127 86 272020
2058.25106350 0.02951590 1.00103958 1.00101578 86 272020
2058.25245239 0.03090479 0.99997215 0.99994838 86 272020
2058.25384128 0.03229368 1.00047809 1.00045430 86 272020
2058.25523017 0.03368257 1.00041892 1.00039514 86 272020
2058.25661906 0.03507146 1.00049284 1.00046906 86 272020
2058.25800795 0.03646035 1.00092873 1.00090494 86 272020
2058.25939684 0.03784924 1.00070615 1.00068236 86 272020
2058.26078573 0.03923813 0.99997609 0.99995232 86 272020
2058.26217462 0.04062702 1.00033087 1.00030709 86 272020
2058.26356351 0.04201591 1.00007470 1.00005093 86 272020
2058.26495240 0.04340480 1.00011815 1.00009437 86 272020
2058.26634129 0.04479369 1.00054319 1.00051940 86 272020
2058.26773018 0.04618258 1.00025689 1.00023311 86 272020
2058.26911907 0.04757147 0.99972630 0.99970254 86 272020
2058.27050796 0.04896036 1.00047997 1.00045618 86 272020
2058.27189685 0.05034925 0.99985639 0.99983262 86 272020
2058.27328574 0.05173814 1.00001441 0.99999064 86 272020
2058.27467463 0.05312703 0.99924345 0.99921970 86 272020
2058.27606352 0.05451592 0.99965412 0.99963036 86 272020
2058.27745241 0.05590481 0.99950448 0.99948072 86 272020
2058.27884130 0.05729370 1.00042711 1.00040333 86 272020
2058.28023019 0.05868259 1.00088103 1.00085723 86 272020
2058.28161908 0.06007148 1.00063205 1.00060826 86 272020
2058.28300797 0.06146037 1.00058704 1.00056326 86 272020
2058.28439686 0.06284926 1.00050395 1.00048016 86 272020
2058.28578575 0.06423815 1.00057046 1.00054667 86 272020
2058.28717464 0.06562704 1.00046100 1.00043721 86 272020
2058.28856354 0.06701594 1.00030213 1.00027835 86 272020
2058.28995243 0.06840483 1.00142211 1.00139831 86 272020
2058.29134132 0.06979372 1.00015507 1.00013130 86 272020
2058.29273021 0.07118261 0.99995679 0.99993302 86 272020
2058.29411910 0.07257150 1.00046985 1.00044606 86 272020
2058.29550799 0.07396039 1.00012509 1.00010131 86 272020
2058.29689688 0.07534928 1.00005171 1.00002793 86 272020
2058.29828577 0.07673817 1.00023433 1.00021055 86 272020
2058.29967466 0.07812706 1.00053186 1.00050808 86 272020
2058.30106355 0.07951595 1.00043574 1.00041196 86 272020
2058.30245244 0.08090484 1.00057511 1.00055133 86 272020
2058.30384133 0.08229373 1.00043297 1.00040919 86 272020
2058.30523022 0.08368262 1.00042588 1.00040209 86 272020
2058.30661911 0.08507151 0.99937688 0.99935312 86 272020
2058.30800800 0.08646040 0.99984397 0.99982020 86 272020
2058.30939689 0.08784929 1.00011106 1.00008728 86 272020
2058.31078578 0.08923818 1.00018326 1.00015948 86 272020
2058.31217467 0.09062707 0.99991369 0.99988992 86 272020
2058.31356356 0.09201596 1.00020413 1.00018035 86 272020
2058.31495245 0.09340485 1.00051104 1.00048726 86 272020
2058.31634134 0.09479374 1.00040162 1.00037783 86 272020
2058.31773023 0.09618263 1.00012449 1.00010072 86 272020
2058.31911912 0.09757152 0.99991354 0.99988977 86 272020
2058.32050801 0.09896041 0.99973648 0.99971271 86 272020
2058.32189690 0.10034930 0.99937266 0.99934891 86 272020
2058.32328579 0.10173819 0.99949638 0.99947262 86 272020
2058.32467468 0.10312708 1.00024842 1.00022464 86 272020
2058.32606357 0.10451597 0.99988522 0.99986145 86 272020
2058.32745246 0.10590486 0.99966468 0.99964091 86 272020
2058.32884135 0.10729375 0.99966205 0.99963829 86 272020
2058.33023025 0.10868265 1.00011535 1.00009158 86 272020
2058.33161914 0.11007154 1.00030829 1.00028451 86 272020
2058.33300803 0.11146043 0.99963100 0.99960723 86 272020
2058.33439692 0.11284932 1.00073371 1.00070992 86 272020
2058.33578581 0.11423821 0.99960615 0.99958238 86 272020
2058.33717470 0.11562710 1.00046248 1.00043870 86 272020
2058.33856359 0.11701599 0.99985377 0.99983000 86 272020
2058.33995248 0.11840488 1.00012915 1.00010538 86 272020
2058.34134137 0.11979377 1.00008715 1.00006337 86 272020
2058.34273026 0.12118266 1.00001780 0.99999402 86 272020
2058.34411915 0.12257155 1.00033546 1.00031168 86 272020
2058.34550804 0.12396044 1.00023868 1.00021491 86 272020
2058.34689693 0.12534933 0.99962589 0.99960212 86 272020
2058.34828582 0.12673822 1.00024453 1.00022075 86 272020
2058.34967471 0.12812711 1.00055557 1.00053178 86 272020
2058.35106360 0.12951600 1.00092595 1.00090216 86 272020
2058.35245249 0.13090489 1.00125815 1.00123434 86 272020
2058.35384138 0.13229378 1.00033238 1.00030860 86 272020
2058.35523027 0.13368267 1.00048709 1.00046331 86 272020
2058.35661916 0.13507156 1.00013654 1.00011277 86 272020
2058.35800805 0.13646045 1.00014832 1.00012454 86 272020
2058.35939694 0.13784934 1.00082989 1.00080610 86 272020
2058.36078583 0.13923823 0.99989333 0.99986956 86 272020
2058.36217472 0.14062712 1.00010079 1.00007701 86 272020
2058.36356361 0.14201601 1.00056562 1.00054183 86 272020
2058.36495250 0.14340490 1.00014998 1.00012621 86 272020
2058.36634139 0.14479379 1.00030671 1.00028293 86 272020
2058.36773028 0.14618268 1.00094754 1.00092374 86 272020
2058.36911917 0.14757157 0.99991415 0.99989038 86 272020
2058.37050806 0.14896046 1.00016258 1.00013880 86 272020
2058.37189695 0.15034935 1.00011276 1.00008898 86 272020
2058.37328584 0.15173824 1.00019171 1.00016793 86 272020
2058.37467473 0.15312713 0.99995456 0.99993079 86 272020
2058.37606362 0.15451602 0.99917176 0.99914800 86 272020
2058.37745252 0.15590492 1.00025615 1.00023238 86 272020
2058.37884141 0.15729381 0.99995104 0.99992727 86 272020
2058.38023030 0.15868270 1.00036098 1.00033720 86 272020
2058.38161919 0.16007159 0.99987141 0.99984764 86 272020
2058.38300808 0.16146048 0.99972266 0.99969889 86 272020
2058.38439697 0.16284937 1.00009783 1.00007405 86 272020
2058.38578586 0.16423826 0.99928445 0.99926069 86 272020
2058.38717475 0.16562715 1.00006939 1.00004562 86 272020
2058.38856364 0.16701604 0.99949733 0.99947357 86 272020
2058.38995253 0.16840493 0.99952716 0.99950340 86 272020
2058.39134142 0.16979382 0.99945251 0.99942875 86 272020
2058.39273031 0.17118271 0.99949505 0.99947129 86 272020
2058.39411920 0.17257160 0.99937715 0.99935339 86 272020
2058.39550809 0.17396049 0.99976884 0.99974507 86 272020
2058.39689698 0.17534938 1.00002544 1.00000167 86 272020
2058.39828587 0.17673827 0.99967981 0.99965605 86 272020
2058.39967476 0.17812716 0.99967555 0.99965178 86 272020
2058.40106365 0.17951605 0.99964109 0.99961733 86 272020
2058.40245254 0.18090494 1.00027559 1.00025181 86 272020
2058.40384143 0.18229383 0.99942707 0.99940331 86 272020
2058.40523032 0.18368272 0.99982309 0.99979932 86 272020
2058.40661921 0.18507161 0.99950418 0.99948042 86 272020
2058.40800810 0.18646050 0.99980791 0.99978414 86 272020
2058.40939699 0.18784939 1.00016821 1.00014443 86 272020
2058.41078588 0.18923828 0.99961827 0.99959450 86 272020
2058.41217477 0.19062717 1.00002210 0.99999833 86 272020
2058.41356366 0.19201606 0.99912909 0.99910533 86 272020
2058.41495255 0.19340495 0.99946123 0.99943747 86 272020
2058.41634144 0.19479384 0.99988364 0.99985987 86 272020
2058.41773033 0.19618273 0.99966438 0.99964062 86 272020
2058.41911922 0.19757162 0.99922425 0.99920050 86 272020
2058.42050811 0.19896051 1.00005851 1.00003473 86 272020
2058.42189700 0.20034940 1.00046678 1.00044300 86 272020
2058.42328589 0.20173829 1.00018724 1.00016347 86 272020
2058.42467478 0.20312718 1.00006665 1.00004288 86 272020
2058.42606367 0.20451607 0.99947084 0.99944708 86 272020
2058.42745256 0.20590496 0.99939903 0.99937527 86 272020
2058.42884145 0.20729385 1.00010864 1.00008486 86 272020
2058.43023034 0.20868274 0.99895989 0.99893614 86 272020
2058.43161924 0.21007164 0.99998403 0.99996026 86 272020
2058.43300813 0.21146053 1.00040298 1.00037920 86 272020
2058.43439702 0.21284942 0.99969845 0.99967469 86 272020
2058.43578591 0.21423831 1.00017236 1.00014858 86 272020
2058.43717480 0.21562720 1.00003730 1.00001352 86 272020
2058.43856369 0.21701609 0.99976649 0.99974272 86 272020
2058.43995258 0.21840498 1.00021481 1.00019103 86 272020
2058.44134147 0.21979387 1.00015617 1.00013239 86 272020
2058.44273036 0.22118276 1.00022420 1.00020042 86 272020
2058.44411925 0.22257165 0.99979601 0.99977225 86 272020
2058.44550814 0.22396054 1.00037004 1.00034626 86 272020
2058.44689703 0.22534943 0.99996432 0.99994055 86 272020
2058.44828592 0.22673832 0.99985878 0.99983501 86 272020
2058.44967481 0.22812721 1.00010650 1.00008272 86 272020
2058.45106370 0.22951610 1.00035639 1.00033261 86 272020
2058.45245259 0.23090499 1.00010485 1.00008107 86 272020
2058.45384148 0.23229388 0.99982051 0.99979674 86 272020
2058.45523037 0.23368277 0.99995285 0.99992907 86 272020
2058.45661926 0.23507166 1.00021243 1.00018865 86 272020
2058.45800815 0.23646055 1.00018777 1.00016399 86 272020
2058.45939704 0.23784944 1.00003237 1.00000860 86 272020
2058.46078593 0.23923833 1.00055387 1.00053008 86 272020
2058.46217482 0.24062722 1.00013177 1.00010800 86 272020
2058.46356371 0.24201611 1.00053995 1.00051616 86 272020
2058.46495260 0.24340500 1.00037926 1.00035547 86 272020
2058.46634149 0.24479389 1.00012366 1.00009988 86 272020
2058.46773038 0.24618278 1.00056182 1.00053803 86 272020
2058.46911927 0.24757167 1.00024170 1.00021792 86 272020
2058.47050816 0.24896056 0.99985952 0.99983575 86 272020
