# AU Mic b | epoca=302 | Setor 95 (2025) | Tc=3886.262293 | T0=1330.390510 | P=8.4631516
# tempo_BTJD  dt_dias  fluxo_residual  fluxo_normalizado
3886.01235251 -0.24994069 1.00041485 1.00042455
3886.01374140 -0.24855180 1.00023202 1.00024172
3886.01513028 -0.24716292 1.00007444 1.00008414
3886.01651917 -0.24577403 0.99984188 0.99985158
3886.01790806 -0.24438514 1.00022985 1.00023955
3886.01929695 -0.24299625 0.99968720 0.99969690
3886.02068584 -0.24160736 0.99906047 0.99907016
3886.02207472 -0.24021848 1.00034838 1.00035808
3886.02346361 -0.23882959 1.00002307 1.00003277
3886.02485250 -0.23744070 1.00025110 1.00026080
3886.02624139 -0.23605181 0.99936783 0.99937752
3886.02763027 -0.23466293 0.99992144 0.99993114
3886.02901916 -0.23327404 0.99979641 0.99980611
3886.03040805 -0.23188515 1.00019890 1.00020860
3886.03179694 -0.23049626 0.99988385 0.99989355
3886.03318583 -0.22910737 0.99998888 0.99999858
3886.03457471 -0.22771849 1.00055909 1.00056880
3886.03596360 -0.22632960 1.00032403 1.00033373
3886.03735249 -0.22494071 0.99972734 0.99973704
3886.03874138 -0.22355182 0.99971059 0.99972029
3886.04013026 -0.22216294 0.99997066 0.99998036
3886.04151915 -0.22077405 1.00054694 1.00055665
3886.04290804 -0.21938516 1.00004590 1.00005560
3886.04429693 -0.21799627 0.99956161 0.99957131
3886.04568582 -0.21660738 1.00012061 1.00013031
3886.04707470 -0.21521850 1.00049113 1.00050083
3886.04846359 -0.21382961 1.00002760 1.00003730
3886.04985248 -0.21244072 1.00067184 1.00068155
3886.05124137 -0.21105183 0.99976111 0.99977081
3886.05263025 -0.20966295 1.00002118 1.00003088
3886.05401914 -0.20827406 0.99996971 0.99997941
3886.05540803 -0.20688517 0.99973897 0.99974867
3886.05679692 -0.20549628 1.00039053 1.00040023
3886.05818581 -0.20410739 1.00077950 1.00078921
3886.05957469 -0.20271851 0.99984809 0.99985779
3886.06096358 -0.20132962 0.99961960 0.99962930
3886.06235247 -0.19994073 0.99977276 0.99978246
3886.06374136 -0.19855184 0.99972055 0.99973025
3886.06513024 -0.19716296 1.00048422 1.00049392
3886.06651913 -0.19577407 1.00012679 1.00013649
3886.06790802 -0.19438518 1.00049739 1.00050709
3886.06929691 -0.19299629 1.00008847 1.00009817
3886.07068579 -0.19160741 1.00010007 1.00010977
3886.07207468 -0.19021852 1.00030602 1.00031572
3886.07346357 -0.18882963 1.00066008 1.00066979
3886.07485246 -0.18744074 1.00003114 1.00004084
3886.07624135 -0.18605185 1.00011875 1.00012845
3886.07763023 -0.18466297 0.99967878 0.99968848
3886.07901912 -0.18327408 1.00015839 1.00016809
3886.08040801 -0.18188519 0.99923232 0.99924201
3886.08179690 -0.18049630 1.00024993 1.00025963
3886.08318578 -0.17910742 0.99977686 0.99978656
3886.08457467 -0.17771853 1.00027425 1.00028395
3886.08596356 -0.17632964 0.99962339 0.99963309
3886.08735245 -0.17494075 0.99970077 0.99971047
3886.08874133 -0.17355187 1.00020481 1.00021451
3886.09013022 -0.17216298 1.00036094 1.00037064
3886.09151911 -0.17077409 0.99962387 0.99963357
3886.09290800 -0.16938520 0.99952689 0.99953659
3886.09429688 -0.16799632 1.00045525 1.00046495
3886.09568577 -0.16660743 1.00020868 1.00021838
3886.09707466 -0.16521854 0.99966748 0.99967718
3886.09846355 -0.16382965 0.99962690 0.99963660
3886.09985243 -0.16244077 1.00011765 1.00012735
3886.10124132 -0.16105188 0.99955319 0.99956289
3886.10263021 -0.15966299 1.00069704 1.00070675
3886.10401910 -0.15827410 1.00019039 1.00020009
3886.10540798 -0.15688522 0.99997464 0.99998434
3886.10679687 -0.15549633 0.99973722 0.99974692
3886.10818576 -0.15410744 1.00003770 1.00004740
3886.10957465 -0.15271855 0.99996450 0.99997420
3886.11096353 -0.15132967 0.99904976 0.99905945
3886.11235242 -0.14994078 1.00004166 1.00005136
3886.11374131 -0.14855189 0.99948837 0.99949807
3886.11513020 -0.14716300 0.99962322 0.99963292
3886.11651908 -0.14577412 1.00010023 1.00010993
3886.11790797 -0.14438523 1.00083634 1.00084605
3886.11929686 -0.14299634 0.99973247 0.99974217
3886.12068575 -0.14160745 0.99984938 0.99985908
3886.12207463 -0.14021857 1.00002148 1.00003118
3886.12346352 -0.13882968 0.99975379 0.99976349
3886.12485241 -0.13744079 0.99997178 0.99998148
3886.12624130 -0.13605190 0.99951668 0.99952638
3886.12763018 -0.13466302 0.99963280 0.99964250
3886.12901907 -0.13327413 0.99990642 0.99991612
3886.13040796 -0.13188524 0.99943752 0.99944721
3886.13179685 -0.13049635 0.99961646 0.99962616
3886.13318573 -0.12910747 1.00031959 1.00032929
3886.13457462 -0.12771858 0.99962085 0.99963055
3886.13596351 -0.12632969 0.99996613 0.99997583
3886.13735240 -0.12494080 1.00065947 1.00066918
3886.13874128 -0.12355192 0.99940739 0.99941708
3886.14013017 -0.12216303 0.99921300 0.99922269
3886.14151906 -0.12077414 1.00063307 1.00064278
3886.14290795 -0.11938525 0.99995671 0.99996641
3886.14429683 -0.11799637 0.99957086 0.99958056
3886.14568572 -0.11660748 0.99997155 0.99998125
3886.14707461 -0.11521859 1.00034252 1.00035222
3886.14846349 -0.11382971 0.99923779 0.99924748
3886.14985238 -0.11244082 1.00006438 1.00007408
3886.15124127 -0.11105193 0.99950325 0.99951295
3886.15263016 -0.10966304 1.00075041 1.00076012
3886.15401904 -0.10827416 1.00017049 1.00018019
3886.15540793 -0.10688527 0.99947484 0.99948453
3886.15679682 -0.10549638 1.00007712 1.00008682
3886.15818571 -0.10410749 1.00028208 1.00029178
3886.15957459 -0.10271861 1.00085951 1.00086922
3886.16096348 -0.10132972 0.99911596 0.99912565
3886.16235237 -0.09994083 0.99926113 0.99927082
3886.16374126 -0.09855194 0.99963598 0.99964568
3886.16513014 -0.09716306 1.00011314 1.00012284
3886.16651903 -0.09577417 0.99997473 0.99998443
3886.16790792 -0.09438528 1.00047952 1.00048922
3886.16929680 -0.09299640 0.99940409 0.99941378
3886.17068569 -0.09160751 0.99985694 0.99986664
3886.17207458 -0.09021862 0.99958889 0.99959859
3886.17346347 -0.08882973 0.99914525 0.99915494
3886.17485235 -0.08744085 1.00016502 1.00017472
3886.17624124 -0.08605196 0.99989505 0.99990475
3886.17763013 -0.08466307 0.99999310 1.00000280
3886.17901902 -0.08327418 0.99919903 0.99920872
3886.18040790 -0.08188530 0.99950682 0.99951652
3886.18179679 -0.08049641 0.99949404 0.99950374
3886.18318568 -0.07910752 1.00029118 1.00030088
3886.18457456 -0.07771864 1.00034049 1.00035019
3886.18596345 -0.07632975 0.99993143 0.99994113
3886.18735234 -0.07494086 0.99947261 0.99948230
3886.18874123 -0.07355197 0.99997110 0.99998080
3886.19013011 -0.07216309 0.99952580 0.99953550
3886.19151900 -0.07077420 0.99982597 0.99983567
3886.19290789 -0.06938531 0.99992936 0.99993906
3886.19429677 -0.06799643 0.99951578 0.99952548
3886.19568566 -0.06660754 0.99875253 0.99876222
3886.19707455 -0.06521865 0.99872049 0.99873018
3886.19846344 -0.06382976 0.99888707 0.99889676
3886.19985232 -0.06244088 0.99851410 0.99852379
3886.20124121 -0.06105199 0.99838484 0.99839452
3886.20263010 -0.05966310 0.99881093 0.99882062
3886.20401899 -0.05827421 0.99819227 0.99820195
3886.20540787 -0.05688533 0.99887662 0.99888631
3886.20679676 -0.05549644 0.99835442 0.99836410
3886.20818565 -0.05410755 0.99816702 0.99817670
3886.20957453 -0.05271867 0.99797551 0.99798519
3886.21096342 -0.05132978 0.99783814 0.99784782
3886.21235231 -0.04994089 0.99774355 0.99775323
3886.21374120 -0.04855200 0.99756436 0.99757404
3886.21513008 -0.04716312 0.99774947 0.99775915
3886.21651897 -0.04577423 0.99697678 0.99698645
3886.21790786 -0.04438534 0.99752136 0.99753104
3886.21929674 -0.04299646 0.99749997 0.99750965
3886.22068563 -0.04160757 0.99816936 0.99817904
3886.22207452 -0.04021868 0.99756491 0.99757459
3886.22346341 -0.03882979 0.99713533 0.99714500
3886.22485229 -0.03744091 0.99689539 0.99690506
3886.22624118 -0.03605202 0.99737285 0.99738252
3886.22763007 -0.03466313 0.99746973 0.99747941
3886.22901895 -0.03327425 0.99683861 0.99684828
3886.23040784 -0.03188536 0.99742590 0.99743558
3886.23179673 -0.03049647 0.99751184 0.99752152
3886.23318561 -0.02910759 0.99642711 0.99643678
3886.23457450 -0.02771870 0.99689456 0.99690423
3886.23596339 -0.02632981 0.99774868 0.99775836
3886.23735228 -0.02494092 0.99721741 0.99722708
3886.23874116 -0.02355204 0.99762147 0.99763115
3886.24013005 -0.02216315 0.99705771 0.99706738
3886.24151894 -0.02077426 0.99751539 0.99752507
3886.24290782 -0.01938538 0.99816478 0.99817446
3886.24429671 -0.01799649 0.99847477 0.99848446
3886.24568560 -0.01660760 0.99795259 0.99796227
3886.24707449 -0.01521871 0.99767632 0.99768600
3886.24846337 -0.01382983 0.99835045 0.99836013
3886.24985226 -0.01244094 0.99797940 0.99798908
3886.25124115 -0.01105205 0.99725882 0.99726849
3886.25263003 -0.00966317 0.99711844 0.99712811
3886.25401892 -0.00827428 0.99773248 0.99774216
3886.25540781 -0.00688539 0.99719855 0.99720822
3886.25679669 -0.00549651 0.99747895 0.99748863
3886.25818558 -0.00410762 0.99630728 0.99631694
3886.25957447 -0.00271873 0.99770926 0.99771894
3886.26096335 -0.00132985 0.99739470 0.99740437
3886.26235224 0.00005904 0.99832502 0.99833470
3886.26374113 0.00144793 0.99723941 0.99724908
3886.26513002 0.00283682 0.99736687 0.99737654
3886.26651890 0.00422570 0.99739635 0.99740602
3886.26790779 0.00561459 0.99791437 0.99792405
3886.26929668 0.00700348 0.99742557 0.99743525
3886.27068556 0.00839236 0.99721917 0.99722884
3886.27207445 0.00978125 0.99744087 0.99745055
3886.27346334 0.01117014 0.99684530 0.99685497
3886.27485222 0.01255902 0.99805441 0.99806409
3886.27624111 0.01394791 0.99774343 0.99775311
3886.27763000 0.01533680 0.99807713 0.99808681
3886.27901888 0.01672568 0.99774124 0.99775092
3886.28040777 0.01811457 0.99738833 0.99739800
3886.28179666 0.01950346 0.99800091 0.99801059
3886.28318555 0.02089235 0.99806448 0.99807416
3886.28457443 0.02228123 0.99772332 0.99773300
3886.28596332 0.02367012 0.99745916 0.99746884
3886.28735221 0.02505901 0.99715363 0.99716330
3886.28874109 0.02644789 0.99740217 0.99741184
3886.29012998 0.02783678 0.99693146 0.99694113
3886.29151887 0.02922567 0.99674658 0.99675625
3886.29290775 0.03061455 0.99697774 0.99698741
3886.29429664 0.03200344 0.99700014 0.99700981
3886.29568553 0.03339233 0.99707582 0.99708549
3886.29707441 0.03478121 0.99695685 0.99696652
3886.29846330 0.03617010 0.99657954 0.99658921
3886.29985219 0.03755899 0.99703465 0.99704432
3886.30124107 0.03894787 0.99730745 0.99731712
3886.30262996 0.04033676 0.99686822 0.99687789
3886.30401885 0.04172565 0.99674269 0.99675236
3886.30540773 0.04311453 0.99745090 0.99746058
3886.30679662 0.04450342 0.99672270 0.99673237
3886.30818551 0.04589231 0.99723845 0.99724812
3886.30957439 0.04728119 0.99714723 0.99715690
3886.31096328 0.04867008 0.99723018 0.99723985
3886.31235217 0.05005897 0.99751398 0.99752366
3886.31374106 0.05144786 0.99703331 0.99704298
3886.31512994 0.05283674 0.99674974 0.99675941
3886.31651883 0.05422563 0.99751270 0.99752238
3886.31790772 0.05561452 0.99744247 0.99745215
3886.31929660 0.05700340 0.99759456 0.99760424
3886.32068549 0.05839229 0.99691474 0.99692441
3886.32207438 0.05978118 0.99739654 0.99740621
3886.32346326 0.06117006 0.99761297 0.99762265
3886.32485215 0.06255895 0.99769456 0.99770424
3886.32624104 0.06394784 0.99780588 0.99781556
3886.32762992 0.06533672 0.99815999 0.99816967
3886.32901881 0.06672561 0.99811760 0.99812728
3886.33040770 0.06811450 0.99824201 0.99825169
3886.33179658 0.06950338 0.99895285 0.99896254
3886.33318547 0.07089227 0.99915228 0.99916197
3886.33457436 0.07228116 0.99906790 0.99907759
3886.33596324 0.07367004 0.99916753 0.99917722
3886.33735213 0.07505893 0.99931699 0.99932668
3886.33874102 0.07644782 0.99931341 0.99932310
3886.34012990 0.07783670 0.99992472 0.99993442
3886.34151879 0.07922559 0.99940796 0.99941765
3886.34290768 0.08061448 0.99978216 0.99979186
3886.34429656 0.08200336 0.99889933 0.99890902
3886.34568545 0.08339225 0.99977098 0.99978068
3886.34707434 0.08478114 0.99956216 0.99957186
3886.34846322 0.08617002 1.00006539 1.00007509
3886.34985211 0.08755891 0.99968520 0.99969490
3886.35124100 0.08894780 0.99976072 0.99977042
3886.35262988 0.09033668 0.99932525 0.99933494
3886.35401877 0.09172557 1.00010484 1.00011454
3886.35540766 0.09311446 1.00073389 1.00074360
3886.35679654 0.09450334 1.00018936 1.00019906
3886.35818543 0.09589223 1.00020965 1.00021935
3886.35957432 0.09728112 1.00030940 1.00031910
3886.36096320 0.09867000 1.00056136 1.00057107
3886.36235209 0.10005889 1.00051957 1.00052928
3886.36374097 0.10144777 1.00026076 1.00027046
3886.36512986 0.10283666 1.00045076 1.00046046
3886.36651875 0.10422555 1.00021770 1.00022740
3886.36790763 0.10561443 1.00028429 1.00029399
3886.36929652 0.10700332 1.00013152 1.00014122
3886.37068541 0.10839221 1.00044033 1.00045003
3886.37207429 0.10978109 1.00012240 1.00013210
3886.37346318 0.11116998 1.00007943 1.00008913
3886.37485207 0.11255887 1.00033348 1.00034318
3886.37624095 0.11394775 0.99971566 0.99972536
3886.37762984 0.11533664 0.99966098 0.99967068
3886.37901873 0.11672553 1.00026146 1.00027116
3886.38040761 0.11811441 0.99956488 0.99957458
3886.38179650 0.11950330 0.99957269 0.99958239
3886.38318539 0.12089219 1.00008646 1.00009616
3886.38457427 0.12228107 0.99995418 0.99996388
3886.38596316 0.12366996 1.00017734 1.00018704
3886.38735205 0.12505885 1.00023597 1.00024567
3886.38874093 0.12644773 1.00027478 1.00028448
3886.39012982 0.12783662 1.00042985 1.00043955
3886.39151871 0.12922551 0.99994302 0.99995272
3886.39290759 0.13061439 0.99961789 0.99962759
3886.39429648 0.13200328 0.99990522 0.99991492
3886.39568536 0.13339216 1.00038605 1.00039575
3886.39707425 0.13478105 1.00037666 1.00038636
3886.39846314 0.13616994 0.99951355 0.99952325
3886.39985202 0.13755882 1.00009642 1.00010612
3886.40124091 0.13894771 1.00012255 1.00013225
3886.40262980 0.14033660 0.99982482 0.99983452
3886.40401868 0.14172548 0.99974593 0.99975563
3886.40540757 0.14311437 0.99980517 0.99981487
3886.40679646 0.14450326 1.00113501 1.00114472
3886.40818534 0.14589214 1.00041699 1.00042669
3886.40957423 0.14728103 1.00002091 1.00003061
3886.41096312 0.14866992 0.99943615 0.99944584
3886.41235200 0.15005880 1.00023638 1.00024608
3886.41374089 0.15144769 0.99969406 0.99970376
3886.41512977 0.15283657 0.99996712 0.99997682
3886.41651866 0.15422546 0.99942576 0.99943545
3886.41790755 0.15561435 0.99999530 1.00000500
3886.41929643 0.15700323 0.99972273 0.99973243
3886.42068532 0.15839212 0.99962671 0.99963641
3886.42207421 0.15978101 0.99977537 0.99978507
3886.42346309 0.16116989 0.99971007 0.99971977
3886.42485198 0.16255878 0.99940665 0.99941634
3886.42624087 0.16394767 0.99951588 0.99952558
3886.42762975 0.16533655 0.99994476 0.99995446
3886.42901864 0.16672544 0.99993738 0.99994708
3886.43040752 0.16811432 1.00002503 1.00003473
3886.43179641 0.16950321 1.00020964 1.00021934
3886.43318530 0.17089210 0.99978979 0.99979949
3886.43457418 0.17228098 0.99910358 0.99911327
3886.43596307 0.17366987 0.99932448 0.99933417
3886.43735196 0.17505876 1.00046125 1.00047095
3886.43874084 0.17644764 1.00059875 1.00060846
3886.44012973 0.17783653 1.00030193 1.00031163
3886.44151862 0.17922542 0.99962508 0.99963478
3886.44290750 0.18061430 1.00006491 1.00007461
3886.44429639 0.18200319 0.99954903 0.99955873
3886.44568527 0.18339207 1.00012202 1.00013172
3886.44707416 0.18478096 0.99998237 0.99999207
3886.44846305 0.18616985 0.99987428 0.99988398
3886.44985193 0.18755873 0.99977499 0.99978469
3886.45124082 0.18894762 0.99987139 0.99988109
3886.45262971 0.19033651 1.00066608 1.00067579
3886.45401859 0.19172539 0.99981624 0.99982594
3886.45540748 0.19311428 0.99949897 0.99950867
3886.45679636 0.19450316 0.99946571 0.99947540
3886.45818525 0.19589205 1.00015325 1.00016295
3886.45957414 0.19728094 1.00006915 1.00007885
3886.46096302 0.19866982 1.00027429 1.00028399
3886.46235191 0.20005871 0.99960477 0.99961447
3886.46512968 0.20283648 0.99926909 0.99927878
3886.46651857 0.20422537 1.00020075 1.00021045
3886.46790745 0.20561425 0.99936328 0.99937297
3886.46929634 0.20700314 1.00025655 1.00026625
3886.47068523 0.20839203 0.99990584 0.99991554
3886.47207411 0.20978091 1.00057449 1.00058420
3886.47346300 0.21116980 1.00022984 1.00023954
3886.47485188 0.21255868 1.00070769 1.00071740
3886.47624077 0.21394757 0.99943825 0.99944794
3886.47762966 0.21533646 0.99977569 0.99978539
3886.47901854 0.21672534 1.00031576 1.00032546
3886.48040743 0.21811423 1.00014103 1.00015073
3886.48179632 0.21950312 0.99987293 0.99988263
3886.48318520 0.22089200 0.99988312 0.99989282
3886.48457409 0.22228089 0.99994928 0.99995898
3886.48596297 0.22366977 0.99940502 0.99941471
3886.48735186 0.22505866 0.99978085 0.99979055
3886.48874075 0.22644755 0.99939457 0.99940426
3886.49012963 0.22783643 1.00003432 1.00004402
3886.49151852 0.22922532 1.00037201 1.00038171
3886.49290740 0.23061420 0.99999030 1.00000000
3886.49429629 0.23200309 0.99935225 0.99936194
3886.49568518 0.23339198 1.00008222 1.00009192
3886.49707406 0.23478086 0.99994868 0.99995838
3886.49846295 0.23616975 1.00031826 1.00032796
3886.49985184 0.23755864 1.00034011 1.00034981
3886.50124072 0.23894752 0.99974028 0.99974998
3886.50262961 0.24033641 1.00031302 1.00032272
3886.50401849 0.24172529 1.00029641 1.00030611
3886.50540738 0.24311418 1.00104097 1.00105068
3886.50679627 0.24450307 1.00057337 1.00058308
3886.50818515 0.24589195 1.00035847 1.00036817
3886.50957404 0.24728084 1.00066591 1.00067562
3886.51096292 0.24866972 1.00054358 1.00055329
