# AU Mic b | epoca=2 | Setor 1  (2018) | Tc=1347.316813 | T0=1330.390510 | P=8.4631516
# tempo_BTJD  dt_dias  fluxo_residual  fluxo_normalizado
1347.06914224 -0.24767096 0.99968615 0.99996027
1347.07053109 -0.24628211 0.99950349 0.99977756
1347.07191993 -0.24489327 0.99950030 0.99977436
1347.07330878 -0.24350442 0.99945145 0.99972550
1347.07469762 -0.24211558 0.99955776 0.99983184
1347.07747532 -0.23933788 0.99987018 1.00014434
1347.07886416 -0.23794904 0.99947743 0.99975148
1347.08025301 -0.23656019 0.99924826 0.99952225
1347.08164185 -0.23517135 0.99899216 0.99926608
1347.08303070 -0.23378250 0.99924344 0.99951743
1347.08441955 -0.23239365 0.99948607 0.99976012
1347.08580839 -0.23100481 0.99916762 0.99944158
1347.08719724 -0.22961596 0.99940437 0.99967841
1347.08858609 -0.22822711 0.99940062 0.99967465
1347.08997493 -0.22683827 0.99867106 0.99894490
1347.09136378 -0.22544942 0.99917635 0.99945032
1347.09275262 -0.22406058 0.99923663 0.99951062
1347.09414147 -0.22267173 0.99948833 0.99976238
1347.09553032 -0.22128288 0.99968718 0.99996129
1347.09691916 -0.21989404 0.99976714 1.00004127
1347.09830801 -0.21850519 1.00009121 1.00036543
1347.09969685 -0.21711635 0.99955464 0.99982871
1347.10108570 -0.21572750 0.99977349 1.00004762
1347.10247455 -0.21433865 1.00048373 1.00075806
1347.10386339 -0.21294981 1.00046831 1.00074263
1347.10525224 -0.21156096 1.00024327 1.00051754
1347.10664108 -0.21017212 0.99912950 0.99940346
1347.10802993 -0.20878327 1.00002574 1.00029995
1347.10941878 -0.20739442 0.99948361 0.99975767
1347.11080762 -0.20600558 0.99942957 0.99970361
1347.11219647 -0.20461673 1.00001530 1.00028950
1347.11358532 -0.20322788 0.99967292 0.99994703
1347.11497416 -0.20183904 0.99979155 1.00006569
1347.11636301 -0.20045019 1.00022246 1.00049672
1347.11775185 -0.19906135 0.99932593 0.99959994
1347.11914070 -0.19767250 0.99988419 1.00015835
1347.12052955 -0.19628365 0.99966129 0.99993539
1347.12191839 -0.19489481 0.99943474 0.99970878
1347.12330724 -0.19350596 0.99974761 1.00002173
1347.12469608 -0.19211712 0.99957271 0.99984679
1347.12608493 -0.19072827 0.99892423 0.99919813
1347.12747378 -0.18933942 1.00047091 1.00074523
1347.12886262 -0.18795058 0.99901187 0.99928579
1347.13025147 -0.18656173 0.99957011 0.99984419
1347.13164031 -0.18517289 0.99959062 0.99986471
1347.13302916 -0.18378404 0.99961850 0.99989260
1347.13441801 -0.18239519 0.99894723 0.99922114
1347.13580685 -0.18100635 0.99974342 1.00001755
1347.13719570 -0.17961750 0.99923942 0.99951341
1347.13858454 -0.17822866 0.99931022 0.99958423
1347.13997339 -0.17683981 1.00049608 1.00077041
1347.14136224 -0.17545096 0.99958074 0.99985482
1347.14275108 -0.17406212 0.99945548 0.99972952
1347.14413993 -0.17267327 0.99931285 0.99958686
1347.14552877 -0.17128443 0.99946296 0.99973701
1347.14691762 -0.16989558 0.99929059 0.99956459
1347.14830647 -0.16850673 0.99934846 0.99962248
1347.14969531 -0.16711789 0.99941504 0.99968907
1347.15108416 -0.16572904 1.00022743 1.00050169
1347.15247301 -0.16434019 1.00012935 1.00040359
1347.15386185 -0.16295135 0.99903111 0.99930504
1347.15525070 -0.16156250 0.99925027 0.99952426
1347.15663954 -0.16017366 1.00003451 1.00030872
1347.15802839 -0.15878481 0.99885971 0.99913360
1347.15941724 -0.15739596 1.00048655 1.00076088
1347.16080608 -0.15600712 0.99947106 0.99974512
1347.16219493 -0.15461827 1.00015198 1.00042622
1347.16358377 -0.15322943 0.99959785 0.99987194
1347.16497262 -0.15184058 1.00047283 1.00074715
1347.16636147 -0.15045173 0.99942572 0.99969976
1347.16775031 -0.14906289 0.99998249 1.00025668
1347.16913916 -0.14767404 0.99953702 0.99981109
1347.17052800 -0.14628520 0.99981462 1.00008877
1347.17191685 -0.14489635 1.00009039 1.00036461
1347.17330570 -0.14350750 0.99931172 0.99958573
1347.17469454 -0.14211866 1.00098007 1.00125453
1347.17608339 -0.14072981 1.00009865 1.00037287
1347.17747223 -0.13934097 0.99957362 0.99984770
1347.17886108 -0.13795212 0.99915314 0.99942710
1347.18024993 -0.13656327 1.00120003 1.00147455
1347.18163877 -0.13517443 0.99967047 0.99994457
1347.18302762 -0.13378558 0.99969530 0.99996941
1347.18441646 -0.13239674 1.00018212 1.00045636
1347.19552723 -0.12128597 1.00032108 1.00059537
1347.19691608 -0.11989712 1.00068972 1.00096411
1347.19830492 -0.11850828 1.00027371 1.00054798
1347.19969377 -0.11711943 1.00027590 1.00055017
1347.20108262 -0.11573058 1.00066951 1.00094389
1347.20247146 -0.11434174 0.99995831 1.00023249
1347.20386031 -0.11295289 0.99985270 1.00012685
1347.20524915 -0.11156405 1.00000179 1.00027598
1347.20663800 -0.11017520 1.00000475 1.00027895
1347.20802685 -0.10878635 0.99995453 1.00022872
1347.20941569 -0.10739751 0.99985114 1.00012530
1347.21080454 -0.10600866 1.00026044 1.00053471
1347.21219338 -0.10461982 0.99977892 1.00005306
1347.21358223 -0.10323097 0.99922407 0.99949805
1347.21497108 -0.10184212 1.00007603 1.00035025
1347.21635992 -0.10045328 0.99965218 0.99992629
1347.21774877 -0.09906443 0.99978184 1.00005598
1347.21913761 -0.09767559 0.99979487 1.00006901
1347.22052646 -0.09628674 1.00022463 1.00049889
1347.22191530 -0.09489790 0.99991474 1.00018892
1347.22330415 -0.09350905 0.99967062 0.99994473
1347.22469300 -0.09212020 0.99979159 1.00006573
1347.22608184 -0.09073136 0.99923052 0.99950451
1347.22747069 -0.08934251 0.99992861 1.00020279
1347.22885953 -0.08795367 0.99974781 1.00002194
1347.23024838 -0.08656482 0.99898967 0.99926359
1347.23163723 -0.08517597 0.99994875 1.00022294
1347.23302607 -0.08378713 0.99970592 0.99998003
1347.23441492 -0.08239828 1.00012372 1.00039795
1347.23580376 -0.08100944 0.99999795 1.00027215
1347.23719261 -0.07962059 0.99953204 0.99980611
1347.23858146 -0.07823174 1.00021481 1.00048906
1347.23997030 -0.07684290 0.99952685 0.99980091
1347.24135915 -0.07545405 0.99941901 0.99969305
1347.24274799 -0.07406521 0.99997688 1.00025107
1347.24413684 -0.07267636 0.99977872 1.00005286
1347.24552569 -0.07128751 0.99981825 1.00009240
1347.24691453 -0.06989867 0.99951177 0.99978583
1347.24830338 -0.06850982 0.99869506 0.99896890
1347.24969222 -0.06712098 0.99857752 0.99885132
1347.25108107 -0.06573213 0.99760508 0.99787862
1347.25246991 -0.06434329 0.99742371 0.99769721
1347.25385876 -0.06295444 0.99717686 0.99745028
1347.25524761 -0.06156559 0.99700654 0.99727992
1347.25663645 -0.06017675 0.99731953 0.99759299
1347.25802530 -0.05878790 0.99764490 0.99791845
1347.25941414 -0.05739906 0.99836299 0.99863674
1347.26080299 -0.05601021 0.99808696 0.99836064
1347.26219184 -0.05462136 0.99762320 0.99789674
1347.26358068 -0.05323252 0.99772799 0.99800157
1347.26496953 -0.05184367 0.99772215 0.99799573
1347.26635837 -0.05045483 0.99771983 0.99799340
1347.26774722 -0.04906598 0.99813662 0.99841031
1347.26913607 -0.04767713 0.99929553 0.99956953
1347.27052491 -0.04628829 0.99895152 0.99922543
1347.27191376 -0.04489944 0.99870439 0.99897823
1347.27330260 -0.04351060 0.99897267 0.99924659
1347.27469145 -0.04212175 0.99864724 0.99892107
1347.27608030 -0.04073290 0.99850667 0.99878046
1347.27746914 -0.03934406 0.99830751 0.99858124
1347.27885799 -0.03795521 0.99818846 0.99846216
1347.28024683 -0.03656637 0.99715141 0.99742483
1347.28163568 -0.03517752 0.99762122 0.99789476
1347.28302452 -0.03378868 0.99757199 0.99784552
1347.28441337 -0.03239983 0.99715698 0.99743040
1347.28580222 -0.03101098 0.99742214 0.99769564
1347.28719106 -0.02962214 0.99747122 0.99774473
1347.28857991 -0.02823329 0.99698057 0.99725393
1347.28996875 -0.02684445 0.99675724 0.99703055
1347.29135760 -0.02545560 0.99647588 0.99674911
1347.29274645 -0.02406675 0.99639067 0.99666388
1347.29413529 -0.02267791 0.99649136 0.99676460
1347.29552414 -0.02128906 0.99651252 0.99678576
1347.29691298 -0.01990022 0.99654858 0.99682183
1347.29830183 -0.01851137 0.99564760 0.99592060
1347.29969068 -0.01712252 0.99641141 0.99668463
1347.30107952 -0.01573368 0.99615608 0.99642922
1347.30246837 -0.01434483 0.99613247 0.99640561
1347.30385721 -0.01295599 0.99625391 0.99652708
1347.30524606 -0.01156714 0.99616879 0.99644194
1347.30663490 -0.01017830 0.99615296 0.99642610
1347.30802375 -0.00878945 0.99636584 0.99663904
1347.30941260 -0.00740060 0.99627686 0.99655003
1347.31080144 -0.00601176 0.99705293 0.99732632
1347.31219029 -0.00462291 0.99656826 0.99684151
1347.31357913 -0.00323407 0.99653799 0.99681124
1347.31496798 -0.00184522 0.99612351 0.99639665
1347.31635682 -0.00045638 0.99625902 0.99653219
1347.31774567 0.00093247 0.99661394 0.99688721
1347.31913452 0.00232132 0.99659068 0.99686394
1347.32191221 0.00509901 0.99588224 0.99615530
1347.32330105 0.00648785 0.99681670 0.99709002
1347.32468990 0.00787670 0.99668911 0.99696240
1347.32607875 0.00926555 0.99674796 0.99702126
1347.32746759 0.01065439 0.99641277 0.99668598
1347.32885644 0.01204324 0.99616925 0.99644239
1347.33024528 0.01343208 0.99631600 0.99658918
1347.33163413 0.01482093 0.99647029 0.99674352
1347.33302297 0.01620977 0.99682912 0.99710245
1347.33441182 0.01759862 0.99624185 0.99651502
1347.33580067 0.01898747 0.99661231 0.99688558
1347.33718951 0.02037631 0.99671703 0.99699033
1347.33857836 0.02176516 0.99684328 0.99711661
1347.33996720 0.02315400 0.99680297 0.99707629
1347.34135605 0.02454285 0.99691425 0.99718760
1347.34274490 0.02593170 0.99694365 0.99721701
1347.34413374 0.02732054 0.99678566 0.99705898
1347.34552259 0.02870939 0.99643801 0.99671123
1347.34691143 0.03009823 0.99664909 0.99692237
1347.34830028 0.03148708 0.99563463 0.99590763
1347.34968912 0.03287592 0.99629700 0.99657019
1347.35107797 0.03426477 0.99555252 0.99582550
1347.35246682 0.03565362 0.99626228 0.99653545
1347.35385566 0.03704246 0.99543012 0.99570306
1347.35524451 0.03843131 0.99605308 0.99632619
1347.35663335 0.03982015 0.99591218 0.99618526
1347.35802220 0.04120900 0.99600637 0.99627948
1347.35941104 0.04259784 0.99588199 0.99615505
1347.36079989 0.04398669 0.99597072 0.99624382
1347.36635527 0.04954207 0.99574945 0.99602248
1347.36774412 0.05093092 0.99591974 0.99619282
1347.36913297 0.05231977 0.99640740 0.99668061
1347.37052181 0.05370861 0.99649730 0.99677054
1347.37191066 0.05509746 0.99609663 0.99636976
1347.37329950 0.05648630 0.99617718 0.99645033
1347.37468835 0.05787515 0.99689592 0.99716926
1347.37607719 0.05926399 0.99683750 0.99711083
1347.37746604 0.06065284 0.99720301 0.99747645
1347.37885489 0.06204169 0.99739125 0.99766473
1347.38024373 0.06343053 0.99726709 0.99754054
1347.38163258 0.06481938 0.99642065 0.99669386
1347.38302142 0.06620822 0.99736553 0.99763901
1347.39135450 0.07454130 1.00021759 1.00049185
1347.39829873 0.08148553 0.99995917 1.00023335
1347.39968757 0.08287437 0.99947769 0.99975175
1347.40107642 0.08426322 0.99990801 1.00018218
1347.40246526 0.08565206 1.00000102 1.00027521
1347.40385411 0.08704091 0.99995134 1.00022552
1347.40524295 0.08842975 1.00004160 1.00031581
1347.40663180 0.08981860 1.00021456 1.00048882
1347.40802065 0.09120745 1.00077080 1.00104521
1347.40940949 0.09259629 1.00092103 1.00119548
1347.41079834 0.09398514 0.99998395 1.00025814
1347.41218718 0.09537398 0.99990942 1.00018359
1347.41357603 0.09676283 0.99962138 0.99989547
1347.41496487 0.09815167 1.00014393 1.00041817
1347.41635372 0.09954052 1.00088231 1.00115675
1347.41774257 0.10092937 0.99917988 0.99945385
1347.41913141 0.10231821 1.00046723 1.00074155
1347.42052026 0.10370706 0.99974442 1.00001855
1347.42190910 0.10509590 0.99940938 0.99968341
1347.42329795 0.10648475 0.99838782 0.99866158
1347.42468679 0.10787359 0.99928315 0.99955715
1347.42607564 0.10926244 0.99999154 1.00026574
1347.42746449 0.11065129 0.99840752 0.99868128
1347.42885333 0.11204013 0.99970658 0.99998070
1347.43024218 0.11342898 0.99965346 0.99992756
1347.43163102 0.11481782 0.99982842 1.00010257
1347.43301987 0.11620667 1.00089711 1.00117155
1347.43440871 0.11759551 1.00028839 1.00056267
1347.43579756 0.11898436 1.00029391 1.00056819
1347.43718641 0.12037321 1.00020035 1.00047460
1347.43857525 0.12176205 1.00031004 1.00058432
1347.43996410 0.12315090 0.99966742 0.99994152
1347.44135294 0.12453974 1.00021044 1.00048469
1347.44274179 0.12592859 0.99954324 0.99981731
1347.44413063 0.12731743 1.00058528 1.00085964
1347.44551948 0.12870628 0.99972074 0.99999486
1347.44690832 0.13009512 1.00013800 1.00041224
1347.44829717 0.13148397 0.99993329 1.00020747
1347.44968602 0.13287282 0.99836713 0.99864088
1347.45107486 0.13426166 0.99981376 1.00008790
1347.45246371 0.13565051 0.99935467 0.99962869
1347.45385255 0.13703935 0.99987632 1.00015048
1347.45524140 0.13842820 1.00054926 1.00082361
1347.45801909 0.14120589 1.00051449 1.00078883
1347.45940794 0.14259474 1.00134256 1.00161712
1347.46079678 0.14398358 0.99909302 0.99936697
1347.46218563 0.14537243 1.00046390 1.00073823
1347.46496332 0.14815012 0.99831178 0.99858551
1347.46774101 0.15092781 0.99912738 0.99940134
1347.47329639 0.15648319 0.99970494 0.99997906
1347.47746293 0.16064973 0.99972983 1.00000395
1347.47885177 0.16203857 1.00021194 1.00048620
1347.48024062 0.16342742 1.00031969 1.00059398
1347.48162947 0.16481627 1.00108014 1.00135463
1347.48301831 0.16620511 1.00136789 1.00164246
1347.48579600 0.16898280 1.00083233 1.00110676
1347.48996254 0.17314934 1.00075759 1.00103199
1347.49135138 0.17453818 0.99836924 0.99864299
1347.49274023 0.17592703 0.99901370 0.99928763
1347.49412908 0.17731588 0.99921384 0.99948782
1347.49829561 0.18148241 0.99892675 0.99920066
1347.50107330 0.18426010 1.00004939 1.00032360
1347.50246215 0.18564895 1.00013786 1.00041210
1347.50385100 0.18703780 0.99866947 0.99894331
1347.50801753 0.19120433 0.99947532 0.99974937
1347.51496176 0.19814856 1.00054208 1.00081642
1347.51912830 0.20231510 1.00056549 1.00083984
1347.52051714 0.20370394 0.99974350 1.00001763
1347.52190599 0.20509279 1.00043740 1.00071172
1347.52329483 0.20648163 0.99968471 0.99995882
1347.52468368 0.20787048 1.00006796 1.00034218
1347.52607252 0.20925932 1.00006045 1.00033467
1347.52746137 0.21064817 0.99983863 1.00011279
1347.52885022 0.21203702 0.99972338 0.99999750
1347.53023906 0.21342586 1.00059536 1.00086972
1347.53162791 0.21481471 0.99945808 0.99973213
1347.53301675 0.21620355 0.99919171 0.99946569
1347.53440560 0.21759240 0.99999625 1.00027045
1347.53579444 0.21898124 0.99924325 0.99951724
1347.53718329 0.22037009 1.00016332 1.00043756
1347.53857213 0.22175893 0.99906557 0.99933951
1347.53996098 0.22314778 0.99897342 0.99924734
1347.54134983 0.22453663 0.99946852 0.99974257
1347.54273867 0.22592547 0.99959876 0.99987284
1347.54412752 0.22731432 0.99972838 1.00000250
1347.54551636 0.22870316 0.99880641 0.99908028
1347.54690521 0.23009201 0.99931879 0.99959280
1347.54829405 0.23148085 0.99932014 0.99959415
1347.54968290 0.23286970 1.00015283 1.00042707
1347.55107174 0.23425854 1.00031292 1.00058720
1347.55246059 0.23564739 0.99938166 0.99965569
1347.55384944 0.23703624 1.00019723 1.00047148
