# AU Mic b | epoca=84 | Setor 27 (2020) | Tc=2041.295244 | T0=1330.390510 | P=8.4631516
# tempo_BTJD  dt_dias  fluxo_residual  fluxo_normalizado
2041.04527665 -0.24996775 1.00002458 1.00005638
2041.04666557 -0.24857883 0.99952298 0.99955477
2041.04805450 -0.24718990 0.99973103 0.99976282
2041.04944342 -0.24580098 1.00007307 1.00010488
2041.05083235 -0.24441205 1.00005084 1.00008265
2041.05222127 -0.24302313 0.99958411 0.99961589
2041.05361019 -0.24163421 1.00004143 1.00007323
2041.05499912 -0.24024528 0.99957796 0.99960974
2041.05638804 -0.23885636 0.99976582 0.99979762
2041.05777697 -0.23746743 0.99945901 0.99949080
2041.05916589 -0.23607851 0.99931837 0.99935015
2041.06055482 -0.23468958 0.99986312 0.99989491
2041.06194374 -0.23330066 1.00069513 1.00072696
2041.06333267 -0.23191173 0.99918556 0.99921734
2041.06472159 -0.23052281 0.99930710 0.99933888
2041.06611052 -0.22913388 0.99936539 0.99939717
2041.06749944 -0.22774496 1.00054020 1.00057202
2041.06888837 -0.22635603 0.99965982 0.99969161
2041.07027729 -0.22496711 0.99975672 0.99978851
2041.07166622 -0.22357818 0.99991368 0.99994548
2041.07305514 -0.22218926 0.99967532 0.99970711
2041.07444407 -0.22080033 0.99982438 0.99985617
2041.07583299 -0.21941141 0.99994903 0.99998083
2041.07722191 -0.21802249 1.00014857 1.00018038
2041.07861084 -0.21663356 1.00004945 1.00008125
2041.07999976 -0.21524464 1.00047746 1.00050927
2041.08138869 -0.21385571 0.99973669 0.99976848
2041.08277761 -0.21246679 0.99989467 0.99992647
2041.08416654 -0.21107786 1.00037231 1.00040412
2041.08555546 -0.20968894 0.99956090 0.99959269
2041.08694439 -0.20830001 0.99991389 0.99994569
2041.08833331 -0.20691109 0.99963822 0.99967001
2041.08972224 -0.20552216 0.99951409 0.99954588
2041.09111116 -0.20413324 1.00015799 1.00018980
2041.09250009 -0.20274431 1.00033694 1.00036875
2041.09388901 -0.20135539 1.00106999 1.00110182
2041.09527794 -0.19996646 1.00006506 1.00009686
2041.09666686 -0.19857754 1.00115320 1.00118504
2041.09805579 -0.19718861 1.00081377 1.00084559
2041.09944471 -0.19579969 1.00047844 1.00051025
2041.10083363 -0.19441077 1.00017666 1.00020847
2041.10222256 -0.19302184 1.00008778 1.00011959
2041.10361148 -0.19163292 1.00022503 1.00025684
2041.10500041 -0.19024399 1.00033003 1.00036184
2041.10638933 -0.18885507 0.99995421 0.99998601
2041.10777826 -0.18746614 0.99995013 0.99998193
2041.10916718 -0.18607722 1.00068988 1.00072170
2041.11055611 -0.18468829 1.00037806 1.00040987
2041.11194503 -0.18329937 1.00029490 1.00032671
2041.11333396 -0.18191044 1.00047162 1.00050344
2041.11472288 -0.18052152 1.00026985 1.00030166
2041.11611181 -0.17913259 1.00034621 1.00037802
2041.11750073 -0.17774367 1.00026671 1.00029852
2041.11888966 -0.17635474 1.00061489 1.00064671
2041.12027858 -0.17496582 1.00004516 1.00007696
2041.12166750 -0.17357690 1.00067906 1.00071088
2041.12305643 -0.17218797 1.00034336 1.00037518
2041.12444535 -0.17079905 1.00112916 1.00116100
2041.12583428 -0.16941012 1.00072939 1.00076122
2041.12722320 -0.16802120 1.00075617 1.00078799
2041.12861213 -0.16663227 1.00002616 1.00005796
2041.13000105 -0.16524335 1.00022055 1.00025236
2041.13138998 -0.16385442 0.99997628 1.00000809
2041.13277890 -0.16246550 1.00002561 1.00005741
2041.13416783 -0.16107657 1.00021753 1.00024934
2041.13555675 -0.15968765 1.00016626 1.00019806
2041.13694568 -0.15829872 0.99978189 0.99981369
2041.13833460 -0.15690980 1.00017087 1.00020267
2041.13972352 -0.15552088 0.99976186 0.99979365
2041.14111245 -0.15413195 0.99966796 0.99969975
2041.14250137 -0.15274303 1.00018465 1.00021646
2041.14389030 -0.15135410 1.00046368 1.00049550
2041.14527922 -0.14996518 1.00032861 1.00036042
2041.14666815 -0.14857625 0.99993178 0.99996358
2041.14805707 -0.14718733 0.99952727 0.99955905
2041.14944600 -0.14579840 1.00030424 1.00033605
2041.15083492 -0.14440948 0.99996708 0.99999888
2041.15222385 -0.14302055 1.00008692 1.00011872
2041.15361277 -0.14163163 1.00008571 1.00011752
2041.15500170 -0.14024270 1.00053127 1.00056309
2041.15639062 -0.13885378 1.00017992 1.00021173
2041.15777954 -0.13746486 0.99986367 0.99989547
2041.15916847 -0.13607593 0.99931889 0.99935067
2041.16055739 -0.13468701 0.99996300 0.99999480
2041.16194632 -0.13329808 1.00013747 1.00016928
2041.16333524 -0.13190916 0.99971250 0.99974429
2041.16472417 -0.13052023 0.99984397 0.99987577
2041.16611309 -0.12913131 1.00015010 1.00018191
2041.16750202 -0.12774238 1.00002959 1.00006139
2041.16889094 -0.12635346 0.99975106 0.99978286
2041.17027987 -0.12496453 0.99947701 0.99950880
2041.17166879 -0.12357561 0.99918577 0.99921755
2041.17305772 -0.12218668 1.00041731 1.00044913
2041.17444664 -0.12079776 0.99996944 1.00000124
2041.17583556 -0.11940884 0.99900635 0.99903812
2041.17722449 -0.11801991 0.99928984 0.99932161
2041.17861341 -0.11663099 0.99956173 0.99959352
2041.18000234 -0.11524206 0.99986717 0.99989896
2041.18139126 -0.11385314 0.99946753 0.99949932
2041.18278019 -0.11246421 0.99981591 0.99984770
2041.18416911 -0.11107529 0.99970290 0.99973469
2041.18555804 -0.10968636 1.00016408 1.00019588
2041.18694696 -0.10829744 0.99964274 0.99967453
2041.18833589 -0.10690851 0.99990516 0.99993696
2041.18972481 -0.10551959 0.99948801 0.99951980
2041.19111373 -0.10413067 0.99985570 0.99988749
2041.19250266 -0.10274174 0.99936311 0.99939489
2041.19389158 -0.10135282 0.99949674 0.99952853
2041.19528051 -0.09996389 0.99932351 0.99935529
2041.19666943 -0.09857497 0.99944316 0.99947494
2041.19805836 -0.09718604 0.99993030 0.99996210
2041.19944728 -0.09579712 0.99984084 0.99987264
2041.20083621 -0.09440819 0.99950399 0.99953578
2041.20222513 -0.09301927 0.99961523 0.99964702
2041.20361405 -0.09163035 0.99949991 0.99953169
2041.20500298 -0.09024142 0.99967326 0.99970505
2041.20639190 -0.08885250 0.99967009 0.99970189
2041.20778083 -0.08746357 0.99940447 0.99943626
2041.20916975 -0.08607465 0.99965121 0.99968300
2041.21055868 -0.08468572 0.99885709 0.99888886
2041.21194760 -0.08329680 0.99932212 0.99935390
2041.21333653 -0.08190787 0.99856216 0.99859392
2041.21472545 -0.08051895 0.99798938 0.99802112
2041.21611438 -0.07913002 0.99820762 0.99823937
2041.21750330 -0.07774110 0.99794093 0.99797266
2041.21889222 -0.07635218 0.99764900 0.99768073
2041.22028115 -0.07496325 0.99703309 0.99706480
2041.22167007 -0.07357433 0.99764374 0.99767547
2041.22305900 -0.07218540 0.99693849 0.99697020
2041.22444792 -0.07079648 0.99693106 0.99696277
2041.22583685 -0.06940755 0.99726712 0.99729883
2041.22722577 -0.06801863 0.99752903 0.99756075
2041.22861470 -0.06662970 0.99641271 0.99644440
2041.23000362 -0.06524078 0.99636317 0.99639485
2041.23139254 -0.06385186 0.99670555 0.99673725
2041.23278147 -0.06246293 0.99648270 0.99651439
2041.23417039 -0.06107401 0.99638134 0.99641303
2041.23555932 -0.05968508 0.99644648 0.99647817
2041.23694824 -0.05829616 0.99719945 0.99723116
2041.23833717 -0.05690723 0.99717259 0.99720430
2041.23972609 -0.05551831 0.99700007 0.99703178
2041.24111502 -0.05412938 0.99730613 0.99733784
2041.24250394 -0.05274046 0.99674131 0.99677301
2041.24389287 -0.05135153 0.99661864 0.99665033
2041.24528179 -0.04996261 0.99692969 0.99696139
2041.24667071 -0.04857369 0.99627788 0.99630957
2041.24805964 -0.04718476 0.99681451 0.99684621
2041.24944856 -0.04579584 0.99635493 0.99638661
2041.25083749 -0.04440691 0.99640550 0.99643719
2041.25222641 -0.04301799 0.99627779 0.99630947
2041.25361534 -0.04162906 0.99627497 0.99630665
2041.25500426 -0.04024014 0.99614414 0.99617582
2041.25639319 -0.03885121 0.99696327 0.99699498
2041.25778211 -0.03746229 0.99674729 0.99677898
2041.25917103 -0.03607337 0.99709710 0.99712881
2041.26055996 -0.03468444 0.99707412 0.99710583
2041.26194888 -0.03329552 0.99696890 0.99700061
2041.26333781 -0.03190659 0.99664993 0.99668163
2041.26472673 -0.03051767 0.99660093 0.99663263
2041.26611566 -0.02912874 0.99611806 0.99614973
2041.26750458 -0.02773982 0.99712870 0.99716041
2041.26889351 -0.02635089 0.99689293 0.99692463
2041.27028243 -0.02496197 0.99702852 0.99706022
2041.27167135 -0.02357305 0.99730692 0.99733863
2041.27306028 -0.02218412 0.99675513 0.99678683
2041.27444920 -0.02079520 0.99734416 0.99737587
2041.27583813 -0.01940627 0.99711203 0.99714374
2041.27722705 -0.01801735 0.99704752 0.99707923
2041.27861598 -0.01662842 0.99670374 0.99673544
2041.28000490 -0.01523950 0.99666999 0.99670168
2041.28139383 -0.01385057 0.99649989 0.99653158
2041.28278275 -0.01246165 0.99683872 0.99687043
2041.28417167 -0.01107273 0.99684000 0.99687170
2041.28556060 -0.00968380 0.99674671 0.99677841
2041.28694952 -0.00829488 0.99701422 0.99704593
2041.28833845 -0.00690595 0.99678494 0.99681663
2041.28972737 -0.00551703 0.99669027 0.99672196
2041.29111630 -0.00412810 0.99634008 0.99637176
2041.29250522 -0.00273918 0.99618208 0.99621376
2041.29389414 -0.00135026 0.99661453 0.99664622
2041.29528307 0.00003867 0.99697881 0.99701052
2041.29667199 0.00142759 0.99666171 0.99669341
2041.29806092 0.00281652 0.99619851 0.99623019
2041.29944984 0.00420544 0.99655867 0.99659036
2041.30083877 0.00559437 0.99755177 0.99758349
2041.30222769 0.00698329 0.99682394 0.99685564
2041.30361662 0.00837222 0.99674727 0.99677897
2041.30500554 0.00976114 0.99658980 0.99662149
2041.30639446 0.01115006 0.99668226 0.99671396
2041.30778339 0.01253899 0.99659857 0.99663026
2041.30917231 0.01392791 0.99654684 0.99657853
2041.31056124 0.01531684 0.99702590 0.99705761
2041.31195016 0.01670576 0.99630974 0.99634142
2041.31333909 0.01809469 0.99704687 0.99707858
2041.31472801 0.01948361 0.99649858 0.99653027
2041.31611694 0.02087254 0.99716413 0.99719584
2041.31750586 0.02226146 0.99726604 0.99729776
2041.31889478 0.02365038 0.99747336 0.99750508
2041.32028371 0.02503931 0.99703207 0.99706378
2041.32167263 0.02642823 0.99684165 0.99687335
2041.32306156 0.02781716 0.99681026 0.99684196
2041.32445048 0.02920608 0.99669255 0.99672424
2041.32583941 0.03059501 0.99619715 0.99622883
2041.32722833 0.03198393 0.99659203 0.99662372
2041.32861725 0.03337285 0.99654348 0.99657517
2041.33000618 0.03476178 0.99703114 0.99706284
2041.33139510 0.03615070 0.99687705 0.99690876
2041.33278403 0.03753963 0.99697533 0.99700703
2041.33417295 0.03892855 0.99677558 0.99680728
2041.33556188 0.04031748 0.99667627 0.99670797
2041.33695080 0.04170640 0.99701846 0.99705017
2041.33833972 0.04309532 0.99671868 0.99675037
2041.33972865 0.04448425 0.99705932 0.99709103
2041.34111757 0.04587317 0.99752790 0.99755963
2041.34250650 0.04726210 0.99738659 0.99741831
2041.34389542 0.04865102 0.99773278 0.99776451
2041.34528435 0.05003995 0.99777480 0.99780653
2041.34667327 0.05142887 0.99820304 0.99823478
2041.34806219 0.05281779 0.99804204 0.99807378
2041.34945112 0.05420672 0.99848200 0.99851375
2041.35084004 0.05559564 0.99902741 0.99905918
2041.35222897 0.05698457 0.99924865 0.99928042
2041.35361789 0.05837349 0.99996051 0.99999231
2041.35500682 0.05976242 0.99990509 0.99993689
2041.35639574 0.06115134 1.00041214 1.00044396
2041.35778466 0.06254026 1.00001415 1.00004595
2041.35917359 0.06392919 0.99973703 0.99976882
2041.36056251 0.06531811 0.99971101 0.99974280
2041.36195144 0.06670704 0.99992555 0.99995735
2041.36334036 0.06809596 0.99995793 0.99998973
2041.36472929 0.06948489 1.00003071 1.00006251
2041.36611821 0.07087381 0.99959912 0.99963091
2041.36750714 0.07226274 0.99947135 0.99950314
2041.36889606 0.07365166 0.99999148 1.00002328
2041.37028498 0.07504058 1.00214524 1.00217711
2041.37167391 0.07642951 1.00205808 1.00208994
2041.37306283 0.07781843 1.00079722 1.00082905
2041.37445176 0.07920736 1.00079977 1.00083160
2041.37584068 0.08059628 1.00050477 1.00053658
2041.37722960 0.08198520 1.00054387 1.00057569
2041.37861853 0.08337413 1.00036957 1.00040138
2041.38000745 0.08476305 1.00047584 1.00050766
2041.38139638 0.08615198 1.00064316 1.00067498
2041.38278530 0.08754090 1.00046273 1.00049454
2041.38417423 0.08892983 1.00055117 1.00058299
2041.38556315 0.09031875 1.00090255 1.00093438
2041.38695207 0.09170767 1.00089038 1.00092221
2041.38834100 0.09309660 1.00035309 1.00038490
2041.38972992 0.09448552 1.00070310 1.00073492
2041.39111885 0.09587445 0.99988728 0.99991908
2041.39250777 0.09726337 1.00048205 1.00051387
2041.39389670 0.09865230 1.00021068 1.00024249
2041.39528562 0.10004122 1.00048895 1.00052077
2041.39667454 0.10143014 1.00028331 1.00031512
2041.39806347 0.10281907 1.00006890 1.00010071
2041.39945239 0.10420799 0.99947125 0.99950304
2041.40084132 0.10559692 1.00086837 1.00090019
2041.40223024 0.10698584 1.00019968 1.00023148
2041.40361917 0.10837477 0.99974172 0.99977351
2041.40500809 0.10976369 0.99996072 0.99999252
2041.40639701 0.11115261 0.99955318 0.99958497
2041.40778594 0.11254154 1.00017069 1.00020250
2041.40917486 0.11393046 0.99985104 0.99988284
2041.41056379 0.11531939 0.99985448 0.99988628
2041.41195271 0.11670831 0.99994073 0.99997252
2041.41334164 0.11809724 0.99987043 0.99990222
2041.41473056 0.11948616 0.99968129 0.99971308
2041.41611948 0.12087508 1.00018767 1.00021948
2041.41750841 0.12226401 0.99963819 0.99966998
2041.41889733 0.12365293 0.99967518 0.99970697
2041.42028626 0.12504186 1.00013346 1.00016527
2041.42167518 0.12643078 0.99998166 1.00001346
2041.42306410 0.12781970 0.99999888 1.00003068
2041.42445303 0.12920863 1.00010240 1.00013420
2041.42584195 0.13059755 1.00019859 1.00023039
2041.42723088 0.13198648 1.00022841 1.00026022
2041.42861980 0.13337540 1.00000698 1.00003879
2041.43000873 0.13476433 1.00023990 1.00027171
2041.43139765 0.13615325 1.00004741 1.00007921
2041.43278657 0.13754217 1.00029245 1.00032426
2041.43417550 0.13893110 1.00041673 1.00044854
2041.43556442 0.14032002 1.00054635 1.00057816
2041.43695335 0.14170895 0.99992000 0.99995180
2041.43834227 0.14309787 1.00038838 1.00042019
2041.43973120 0.14448680 1.00016828 1.00020009
2041.44112012 0.14587572 0.99990482 0.99993662
2041.44250904 0.14726464 1.00041776 1.00044958
2041.44389797 0.14865357 1.00008192 1.00011373
2041.44528689 0.15004249 1.00020311 1.00023492
2041.44667582 0.15143142 1.00011535 1.00014716
2041.44806474 0.15282034 1.00007168 1.00010348
2041.44945366 0.15420926 1.00037789 1.00040970
2041.45084259 0.15559819 1.00024628 1.00027809
2041.45223151 0.15698711 0.99977701 0.99980880
2041.45362044 0.15837604 0.99996820 1.00000000
2041.45500936 0.15976496 1.00010263 1.00013444
2041.45639828 0.16115388 0.99952037 0.99955215
2041.45778721 0.16254281 1.00035491 1.00038673
2041.45917613 0.16393173 0.99993576 0.99996756
2041.46056506 0.16532066 0.99969425 0.99972604
2041.46195398 0.16670958 0.99976182 0.99979361
2041.46334291 0.16809851 1.00050543 1.00053725
2041.46473183 0.16948743 0.99990102 0.99993281
2041.46612075 0.17087635 1.00022551 1.00025732
2041.46750968 0.17226528 1.00038808 1.00041989
2041.46889860 0.17365420 1.00001572 1.00004752
2041.47028753 0.17504313 0.99958942 0.99962121
2041.47167645 0.17643205 1.00037621 1.00040802
2041.47306537 0.17782097 1.00007573 1.00010753
2041.47445430 0.17920990 1.00006319 1.00009499
2041.47584322 0.18059882 0.99979831 0.99983010
2041.47723215 0.18198775 0.99959895 0.99963074
2041.47862107 0.18337667 0.99957402 0.99960581
2041.48001000 0.18476560 1.00037233 1.00040414
2041.48139892 0.18615452 0.99994609 0.99997789
2041.48278784 0.18754344 0.99978581 0.99981761
2041.48417677 0.18893237 0.99976566 0.99979745
2041.48556569 0.19032129 1.00042226 1.00045408
2041.48695462 0.19171022 0.99978691 0.99981870
2041.48834354 0.19309914 0.99980470 0.99983650
2041.48973246 0.19448806 1.00000917 1.00004097
2041.49112139 0.19587699 0.99991986 0.99995166
2041.49251031 0.19726591 0.99949572 0.99952751
2041.49389924 0.19865484 0.99994777 0.99997957
2041.49528816 0.20004376 0.99992860 0.99996040
2041.49667709 0.20143269 0.99975919 0.99979098
2041.49806601 0.20282161 0.99992056 0.99995236
2041.49945493 0.20421053 0.99981264 0.99984444
2041.50084386 0.20559946 0.99998031 1.00001211
2041.50223278 0.20698838 0.99973645 0.99976824
2041.50362171 0.20837731 1.00011560 1.00014740
2041.50501063 0.20976623 0.99969182 0.99972362
2041.50639955 0.21115515 0.99990428 0.99993607
2041.50778848 0.21254408 0.99953058 0.99956237
2041.50917740 0.21393300 0.99967436 0.99970615
2041.51056633 0.21532193 0.99992999 0.99996178
2041.51195525 0.21671085 0.99968680 0.99971859
2041.51334417 0.21809977 0.99994181 0.99997361
2041.51473310 0.21948870 0.99992584 0.99995764
2041.51612202 0.22087762 0.99996693 0.99999873
2041.51751095 0.22226655 0.99950603 0.99953782
2041.51889987 0.22365547 1.00004820 1.00008000
2041.52028879 0.22504439 0.99931614 0.99934792
2041.52167772 0.22643332 1.00016331 1.00019512
2041.52306664 0.22782224 0.99987051 0.99990231
2041.52445557 0.22921117 1.00063724 1.00066906
2041.52584449 0.23060009 0.99986323 0.99989502
2041.52723341 0.23198901 1.00063385 1.00066567
2041.52862234 0.23337794 0.99974412 0.99977592
2041.53001126 0.23476686 1.00039015 1.00042196
2041.53140019 0.23615579 0.99983661 0.99986841
2041.53278911 0.23754471 1.00016156 1.00019336
2041.53417804 0.23893364 1.00068147 1.00071330
2041.53556696 0.24032256 1.00062089 1.00065271
2041.53695588 0.24171148 1.00013496 1.00016677
2041.53834481 0.24310041 0.99990768 0.99993947
2041.53973373 0.24448933 1.00017828 1.00021009
2041.54112266 0.24587826 0.99966692 0.99969872
2041.54251158 0.24726718 1.00011213 1.00014393
2041.54390050 0.24865610 0.99976840 0.99980020
