2036.2834520761414 1.000273760525057
2036.2834520761414 1.000273760525057
2036.2834520761414 1.000273760525057
2036.2834520761414 1.000273760525057
2036.2834520761414 1.000273760525057
2036.2834520761414 1.000273760525057
2036.2834520761414 1.000273760525057
2036.2834520761414 1.000273760525057
2036.2834520761414 1.000273760525057
2036.2834520761414 1.000273760525057
2036.2834520761414 1.000273760525057
2036.2834520761414 1.000273760525057
2036.2834520761414 1.000273760525057
2036.2834520761414 1.000273760525057
2036.2834520761414 1.000273760525057
2036.2834520761414 1.000273760525057
2036.2834520761414 1.000273760525057
2036.2834520761414 1.000273760525057
2036.2834520761414 1.000273760525057
2036.2834520761414 1.000273760525057
2036.2834520761414 1.000273760525057
2036.2834520761414 1.000273760525057
2036.2834520761414 1.000273760525057
2036.2834520761414 1.000273760525057
2036.2834520761414 1.000273760525057
2036.2834520761414 1.000273760525057
2036.2834520761414 1.000273760525057
2036.2834520761414 1.000273760525057
2036.2834520761414 1.000273760525057
2036.2834520761414 1.000273760525057
2036.2834520761414 1.000273760525057
2036.2834520761414 1.000273760525057
2036.2834520761414 1.000273760525057
2036.2834520761414 1.000273760525057
2036.2834520761414 1.000273760525057
