26.94240	4.99100	 	21.95140	0.00599418	2.73609e+32
120.96000	46.47603	74.48397	0.00262995	1.17131e+33
107.42400	17.98277	89.44123	0.00818228	1.26237e+33
129.60000	12.00859	117.59141	0.03577082	6.62113e+33
49.24800	7.36655		41.88145	0.01291978	1.11499e+33
70.70400	2.73314		67.97086	0.00838452	9.49167e+32
40.89600	2.12872		38.76728	0.00346741	3.05877e+32
32.40000	11.54297	20.85703	0.00255721	2.76173e+32
97.20000	6.07979		91.12021	0.00418541	9.52909e+32
24.59520	6.08757		18.50763	0.00275913	2.13236e+32
33.40800	17.18211	16.22589	0.00380639	1.60497e+32
80.78400	4.01838		76.76562	0.01766275	2.95794e+33
34.56000	6.37460		28.18540	0.00157199	1.88843e+32
40.03200	10.52065	29.51135	0.00229026	3.38970e+32
100.65600	27.14536	73.51064	0.00331319	8.10865e+32
26.78400	5.23242		21.55158	0.00478205	1.88045e+32
66.96000	4.12326		62.83674	0.01084103	1.51829e+33
32.37120	4.29066		28.08054	0.00950514	7.75527e+32
45.07200	18.21086	26.86114	0.00182706	2.74234e+32
79.05600	11.83261	67.22339	0.00462353	1.15704e+33
25.20000	5.06637		20.13363	0.00676266	5.17417e+32
34.21440	5.63510		28.57930	0.00169970	2.45326e+32
43.05600	8.84155		34.21445	0.00394391	5.37313e+32
85.96800	13.64535	72.32265	0.00345322	1.23470e+33
266.97600	12.20861	254.76739	0.00859807	6.79667e+33
37.87200	6.37307		31.49893	0.00296968	3.22482e+32
257.76000	7.50853		250.25147	0.03912937	1.15379e+34
174.81600	24.09120	150.72480	0.00702368	4.08632e+33
60.91200	8.82053		52.09147	0.00424040	1.10661e+33
29.52000	5.12764		24.39236	0.00249066	2.12555e+32
395.71200	132.08839	263.62361	0.03093268	2.20776e+34
38.16000	7.20903		30.95097	0.00272647	3.34985e+32
132.48000	8.02663		124.45337	0.02572540	3.65234e+33
51.12000	6.57220		44.54780	0.01285372	1.33553e+33
52.27200	22.73248	29.53952	0.00265272	6.52367e+32
54.86400	8.01289 	46.85111	0.01258807	1.67658e+33
35.85600	15.71014	20.14586	0.00267756	4.33153e+32
