2.07641e+32
1.78722e+32
3.08457e+32
5.29480e+33
6.81894e+32
1.11762e+32
7.00743e+32
6.36270e+31
3.95769e+31
7.37529e+31
3.73441e+32
2.54202e+33
3.37899e+31
6.05675e+31
3.27755e+31
8.64131e+31
1.03819e+33
7.36138e+32
1.35323e+32
3.72895e+32
1.34477e+32
5.06277e+32
5.67448e+31
3.86842e+32
9.02017e+32
3.58615e+33
1.80006e+32
9.31949e+33
2.87002e+33
1.02602e+33
2.28538e+32
8.02227e+31
1.71473e+33
1.31927e+34
1.15888e+32
2.89084e+33
2.32215e+32
8.96980e+31
1.02399e+33
1.06219e+33
3.48940e+31
6.25029e+31
2.90378e+32

