2036.7051 2036.71029
2037.44301 2037.45116
2037.67311 2037.73284
2039.1808 2039.19745
2039.26492 2039.26847
2039.34872 2039.36633
2039.80907 2039.8322
2040.0282 2040.0972
2041.1855 2041.3798
2042.48388 2042.535
2047.21322 2047.2433
2047.34522 2047.36154
2047.5036 2047.51074
2047.62795 2047.6467
2047.83154 2047.83627
2047.84043 2047.84221
2049.73685 2049.74298
2049.673 2049.8201
2050.78041 2050.7841
2050.856 2050.8799
2050.31549 2050.31673
2051.1625 2051.2091
2051.44076 2051.5667
2053.08171 2053.08283
2053.42735 2053.5686
2054.2776 2054.3618
2055.90134 2055.9496
2056.26941 2056.27359
2056.82718 2056.8597
2056.90861 2057.106
2057.7987 2057.8672
2058.1318 2058.2471
2058.24047 2058.24378
2058.83466 2058.8589
2059.54703 2059.566
