2036.7051 2036.71029
2037.4387 2037.4854
2037.668 2037.7583
2037.71922 2037.73284
2039.1808 2039.19745
2039.26492 2039.26847
2039.34872 2039.3705
2039.80907 2039.8322
2040.0282 2040.0972
2041.1855 2041.3798
2042.48388 2042.533
2047.21322 2047.2394
2047.34522 2047.3719
2047.5004 2047.51074
2047.62795 2047.63086
2047.83154 2047.83609
2047.84043 2047.84221
2049.73685 2049.74298
2049.673 2049.8201
2050.78041 2050.7841
2050.856 2050.8704
2050.31549 2050.31673
2051.4376 2051.6327
2053.08171 2053.08283
2053.425 2053.5674
2055.8991 2055.9414
2056.26941 2056.27359
2056.82718 2057.1055
2057.79801 2057.80547
2058.1318 2058.2471
2058.24047 2058.24378
2058.83466 2058.84524
2059.10867 2059.11091
2059.5464 2059.5836
2059.6774 2059.67974
2056.68717 2056.69244
