2036.7054 2036.71023
2037.4429 2037.44941
2041.195 2041.387
2037.663 2037.787
2037.6736 2037.6953
2037.71922 2037.7435
2039.18134 2039.1888
2039.26492 2039.26775
2039.34872 2039.35791
2039.82051 2039.84413
2042.48425 2042.49485
2042.50061 2042.51093
2047.21325 2047.2352
2047.34522 2047.35652
2047.6273 2047.6467
2046.6233 2046.6573
2049.6324 2049.8531
2051.154 2051.229
2051.4325 2051.5796
2054.2655 2054.3711
2055.8981 2055.947
2056.8229 2056.8623
2047.50326 2047.51074
2047.62795 2047.63086
2047.83154 2047.83609
2047.84043 2047.84221
2049.73685 2049.7421
2050.78104 2050.78403
2050.85602 2050.8691
2050.31549 2050.31673
2051.44131 2051.45145
2051.83676 2051.84445
2052.6758 2052.7025
2053.08171 2053.08283
2053.4107 2053.6154
2042.4797 2042.5663
2055.90268 2055.90634
2056.26941 2056.27345
2056.68717 2056.70876
2056.82836 2056.83581
2056.90861 2056.92518
2057.7945 2057.9036
2058.24052 2058.24389
2058.1191 2058.2976
2058.83466 2058.9741
2059.0975 2059.1182
2059.10883 2059.11091
2058.803 2058.912
2056.9016 2057.1076
2059.54703 2059.56109
2060.5012 2060.522
